[70.534830672168511, 82.801328302540895, 99.999959047730513]
[100.00000274454587, 92.027910171510641, 94.175819859783559]
[89.503924239197602, 31.241168843985477, 99.999997564629098]
[54.624748983824773, 19.535180794803988, 100.00004025568661]
[87.08274704245629, 63.929658976727396, 100.00002646212177]
[48.391939187070903, 52.465961837465571, 100.00006201692469]
[75.544692789953331, 4.3745375261409691, 100.00002552641791]
[97.716874463777287, 82.973582110793444, 100.00005672116669]
[88.048332883380326, 76.505345136427565, 100.00005056789949]
[3.0000417042369403, 70.607557685154063, 100.00006374263694]
[100.00000710839763, 92.610648836384158, 66.204104579541919]
[93.376241124372271, 0.35875323171870122, 100.00000345315013]
[59.535154697834585, 41.42383018514667, 99.999983701241149]
[31.323729760264651, 99.36384880222559, 100.00005781288647]
[99.999985845429094, 48.523663360786927, 75.473626077217375]
[53.01754798744409, 58.564329863577122, 100.00000152369915]
[33.650303398785859, 70.013413751487704, 100.00000117096076]
[49.47669881207613, 27.489508240708751, 100.0000304560304]
[45.11907148070474, 16.863393571236376, 100.00000072639091]
[49.568422686146604, 46.975400364341226, 99.999993103569636]
[3.446931615480251, 35.706067758630965, 100.00001425829325]
[32.208022084060033, 100.00000225424444, 38.213735022699865]
[8.4548795030143395, 14.791226817828317, 100.00001286772617]
[28.657746634721285, 33.926955179233843, 99.999983284047403]
[35.838119630011292, 42.207585938447771, 99.999972363236893]
[54.37744776343883, 74.556424459631558, 100.00006603382118]
[19.00451426244684, 0.61025087013279133, 100.0000587217384]
[10.766419586281403, 58.823048678268833, 99.999964824923453]
[71.232134160329664, 15.246311771983116, 99.999971422317799]
[9.8893172912975373, 41.746775226040484, 100.00004500496459]
[14.444842431322265, 78.154491960885636, 100.00003132016313]
[65.050720499613746, 92.60361568220948, 100.0000439483584]
[8.6685048653697336, 100.00000450668159, 84.491020635028775]
[22.98372879884003, 83.187669389522284, 99.999996954815586]
[49.157880422871429, 61.339254641774886, 100.00004291217334]
[76.422215056203143, 46.177421234983257, 99.999985287746483]
[29.327179909430733, 20.6127320851588, 99.999986525150788]
[5.6743875990700996, 64.570179245656547, 100.00007235941949]
[23.710864581322429, 73.311405608141243, 100.00000955582657]
[2.7553293560959577, 60.897167149015047, 99.999998980828678]
[64.487247747989898, 4.1185840307887212, 100.00002872358839]
[35.900918175016884, 36.474380884741265, 100.00001204097804]
[10.946515834621239, 23.589036345882494, 99.999989860364778]
[26.146559325462491, 13.53233235413161, 100.00002713194006]
[72.128571017629511, 7.4446705745376072, 99.999989958642303]
[79.954751987730191, 22.851878760800648, 100.00005721961935]
[79.779736869561219, 11.553918910310237, 100.00000019379456]
[34.081656279741381, 90.98246004880879, 100.00005365378499]
[68.395253381429242, 13.850111863455759, 100.00001536053189]
[23.049899602346912, 10.964194321952967, 100.00005622822286]
[78.549868030063408, 40.402503387943874, 100.00004019167399]
[26.547266495007221, 10.570363300310978, 100.0000431850886]
[33.146503831725376, 22.531824964584814, 100.00000777356593]
[1.3537439830950362, 86.916448031625436, 100.00003825943372]
[80.458480631539473, 23.190255369795029, 100.00001020044725]
[65.456438745474102, 41.307174365388164, 100.00006398191121]
[39.049094851082948, 98.285010482945097, 100.00001842131263]
[20.981123643396792, 83.803982489168504, 100.00003847845701]
[22.066437787929367, 34.039337755586914, 100.00000862911655]
[69.635977947516267, 35.631685192583475, 100.000001193096]
[63.070504437459135, 21.623027883888668, 100.00000270230545]
[44.844237166993615, 36.257572750591493, 99.999988016414306]
[82.426740534194451, 74.499789841733332, 100.00005034516593]
[99.999983079887841, 37.867751448523272, 31.181405728312999]
[51.255586685452307, 0.53016582379698107, 99.99998602868709]
[1.1882301586928801, 46.251100045655676, 100.00005406404708]
[100.00000102121811, 13.327922025034155, 39.625719193209214]
[59.362958848786036, 76.244460977864847, 100.00003363205967]
[55.894719426643164, 100.00000168068976, 47.530940157010988]
[53.69254412420873, 90.834314251801331, 100.00006068269512]
[17.369617976369362, 1.8566958860775031, 100.00005102648373]
[31.23862229465314, 34.01191789735347, 100.00006808591348]
[75.831941492435817, 35.323220802813928, 100.00005027490715]
[99.999999969461527, 34.463687758485491, 15.075782200751179]
[32.453733655251888, 67.431735960346771, 100.00001725172747]
[52.759488359658228, 100.00000274429327, 81.427485257343136]
[93.219910698228475, 34.656268959228306, 100.00001820458026]
[99.999993687360615, 65.637339849087454, 72.763447978394993]
[24.967386727090151, 52.581591394406431, 100.00000142402645]
[62.257075223049299, 49.684972767982671, 99.999963271382356]
[53.444941938883787, 99.999999550310406, 90.519353831860826]
[45.964159325613423, 30.085331927732355, 99.99999729653068]
[67.156020642432537, 28.676213448260718, 100.00002886051449]
[96.153573714475002, 32.352076918023322, 100.00005251800604]
[6.600251145709354, 37.020809241354037, 100.00000328990575]
[91.608120016555304, 69.733750910913287, 99.999961481561826]
[36.134951448366181, 74.289675214244852, 99.999973999940224]
[38.370236700845716, 90.58668941436261, 100.0000110833882]
[34.370055588243176, 61.698507820786908, 100.0000080745408]
[35.83371832059386, 57.77008804057337, 100.00004340473529]
[99.99999525454875, 48.628695299369959, 23.253099243526758]
[36.335793292298817, 41.335141175901512, 100.00008792094809]
[63.116173751405483, 46.157026173591674, 100.00005424372995]
[75.053371174475956, 96.018278451991875, 100.00000103614025]
[79.023200720136856, 72.858200644940666, 100.00002919373367]
[10.46274020007597, 78.834939265750336, 100.0000683882123]
[56.583922796812566, 22.968117326370489, 100.00003812158934]
[56.934620789679975, 24.208373676933441, 99.999994156957513]
[20.46664121261011, 87.000254367790404, 100.00005693890581]
[16.113312534943731, 86.864420469690359, 100.0000154981891]
[38.067084470972745, 67.686361698360173, 100.00007289152586]
[52.151530745610259, 42.514374522059782, 100.00002441713073]
[51.396550050107521, 53.956217244037724, 100.00004522569336]
[91.817990231387057, 64.026812626361618, 100.0000387705513]
[64.448719486348452, 25.339125198026579, 100.00002937100912]
[15.157319338579567, 66.282554948394107, 100.00006852681464]
[19.1725244544294, 31.9926616338245, 100.00000920696857]
[39.883269999851784, 46.95646081033572, 100.00002967274423]
[42.197069202003433, 23.42226067570488, 99.999984982345197]
[44.928311540800216, 40.818716947875203, 100.00001147930656]
[74.245294706805026, 39.582561395749174, 100.00001638794079]
[74.579719517670455, 50.641213598690847, 99.999979507184037]
[37.613961039539646, 97.72702507119044, 100.00007866289639]
[48.050059167304909, 36.953286615206792, 100.00002382549391]
[99.999996965687359, 54.334626589178271, 88.519999169917668]
[37.308815787914455, 53.699513706480374, 100.00009036062299]
[100.0000113596319, 36.676436955495575, 82.073879272173684]
[73.419532795852817, 97.597260315729258, 100.00002731456735]
[22.899133469884045, 39.556494118449841, 100.00004598734743]
[21.281064951226767, 33.47771165250527, 100.00007126826183]
[27.657515340327443, 36.843546644670894, 100.00004748091541]
[56.38715989121539, 0.70203097020699445, 100.00001581304177]
[12.941300178709685, 23.048268832781027, 99.999957580220695]
[48.421446781430966, 22.818504325114322, 100.0000350969618]
[20.29896112430173, 37.500592662283992, 100.00000212972263]
[83.967409514437207, 12.325381414002674, 100.00004992959931]
[58.21907008521417, 29.186052763394557, 100.00005820461725]
[10.74693029397344, 23.361492223276585, 99.999996551331236]
[54.290756092774579, 33.448974372710097, 100.00007036131112]
[18.593895664727498, 7.7886588166040163, 99.999993382951644]
[16.162663730349031, 54.538157121088425, 100.0000199936827]
[24.474998183964715, 22.701565647161171, 100.00000503363565]
[51.231555981455799, 3.2390293832046382, 99.999988667279396]
[28.251360950835434, 65.964373479142353, 100.00001557199795]
[74.440382476203567, 65.281923787692563, 100.00005295685195]
[50.689241495983225, 27.887209074464145, 100.0000494993171]
[73.101588351181746, 83.562042292512416, 100.00000062046864]
[4.1090690009751754, 52.391627694387438, 100.00000744817592]
[58.301712513647487, 1.2448344357178698, 100.00005546667614]
[66.645196126691587, 11.87253036736664, 100.00001112276934]
[99.999993659506231, 70.839739062161499, 1.2241017487579846]
[23.629384347338139, 96.654517720416777, 100.00008079932179]
[99.99999988438492, 25.528038531549985, 84.04927969233006]
[64.68305665636754, 84.595174174882359, 100.00005230590611]
[40.561338827295977, 57.493289899827147, 100.00000608355307]
[9.7561052070105365, 14.652575686001921, 100.00004039226633]
[99.999988716706611, 2.2277535822975203, 67.124296046224543]
[64.047274322975795, 74.581325723734565, 99.999998665800234]
[19.513115615489987, 15.417774705922994, 100.00001300985014]
[99.999980962135567, 78.236453296718764, 67.310380628479592]
[26.746728298905769, 37.007487348993365, 99.999970183608298]
[49.225355222752682, 58.561405967782235, 100.00005385684817]
[80.624617243296044, 79.160553166348208, 100.00000444139414]
[100.00000101776641, 60.662022924913828, 86.039142828859383]
[22.560672845462392, 27.979436183759677, 100.00000662961288]
[29.767065859168866, 8.4174338514074751, 99.999953856411011]
[84.403120931094094, 68.094176088569498, 100.00004573625338]
[28.445339491716652, 30.99972530335155, 99.999955271680449]
[27.103072506594316, 13.572745393264825, 100.00001640555305]
[48.437125198268312, 6.8642368211272888, 100.00000988327038]
[99.148754790338671, 35.242726409418125, 100.00007923921207]
[77.932182163226159, 3.0413501741589108, 100.00005248301325]
[64.533870692012343, 99.999994840346289, 46.764474032446479]
[64.993473418810652, 70.209256972444294, 100.00000673387451]
[93.5104083099219, 44.811509814263701, 100.00000830414803]
[55.169411101508786, 33.967626677677991, 100.00005365784766]
[26.052555331591101, 74.708951611347416, 100.00004293944333]
[54.858698716739568, 9.1708739963539081, 100.00002920636692]
[83.423054083894797, 64.158160115292333, 100.00002664264164]
[99.99999263536337, 20.401214841046858, 86.885962105611995]
[66.598990402740256, 59.144651860618659, 100.00005246986842]
[26.801761393653258, 34.616547368586239, 100.0000117836293]
[0.23982529677006426, 14.365483543517906, 99.999993156371758]
[51.042566184514023, 50.200410708224716, 100.00004721040887]
[75.036609054175372, 45.277589835875993, 99.999979520819252]
[54.244276703903303, 100.00001008910665, 30.663895593373283]
[73.536909614748936, 36.756773187512195, 100.00000724872791]
[59.575628191508322, 61.866010648107533, 100.00004171171672]
[89.492208886398558, 79.340830069104641, 100.00000508076215]
[45.531461760203221, 61.606225685799927, 100.00001780526152]
[69.028231793595211, 41.7905350816688, 100.00000022478746]
[54.688510646624877, 29.699534438821171, 100.0000588689803]
[81.85879180330366, 27.884273693183392, 100.00001152925648]
[86.814522649510224, 23.257843578370355, 99.999993667063976]
[75.150932435980025, 10.16850992422129, 100.00001864381646]
[68.873389993532555, 36.30520558937711, 99.999962960046687]
[13.981894673236692, 53.610548338020337, 100.00000829966669]
[95.295974443122176, 26.876809382259076, 100.00004010845709]
[32.68810773172531, 45.796458086373121, 100.00000470271907]
[26.448829813569496, 33.465931696072502, 99.999995432414806]
[69.225768081072601, 8.5933433302763618, 99.999985641109788]
[85.376311916495212, 18.4643804086224, 100.00006126938769]
[11.949956883039182, 69.909364020908228, 100.00003606058061]
[36.53608125562905, 49.876852754581066, 100.00006597696772]
[99.999991527074968, 17.755227746312599, 21.031992130838844]
[99.999987607918086, 43.196543561449019, 21.388669241136576]
[48.975651449251039, 43.968226681149503, 100.000033799048]
[1.6176840277395268, 61.277856787789354, 100.00005059960057]
[92.028480399962646, 45.707175634317878, 100.00005646776889]
[99.999980202422293, 67.868872581255104, 76.082790850078297]
[3.3499249755130567, 39.960301357218782, 100.00005020472884]
[14.333657943490305, 84.782932550197529, 99.999986294357257]
[38.345490811184277, 17.470563105422432, 100.00008192190705]
[43.468950667504089, 37.308448545126595, 100.00004230347702]
[10.440707679043877, 24.610824215758146, 100.00000711670695]
[80.435889992582034, 93.116456114904167, 100.00005383108227]
[66.094740408617369, 92.100082040163898, 100.00003915343015]
[99.999993776258066, 22.296625056303583, 22.379798405922841]
[99.999993466421017, 32.714321499760167, 94.057632330495537]
[48.863655453698797, 31.493805837822148, 100.00004430541887]
[70.519867380061925, 38.499222053207546, 100.00009899542621]
[50.221024824235883, 37.64218734351239, 100.00004225836319]
[36.32854104007032, 82.781416817325891, 100.0000323543486]
[75.528861892583052, 44.722847060816669, 100.0000117451299]
[47.191459624448846, 48.850181652902478, 100.00006000271161]
[35.124628463538251, 57.942683958433314, 100.00007322478113]
[50.288581348959411, 42.442537471100039, 100.00000937319814]
[53.19395551524228, 56.873088977294103, 100.00004545628396]
[32.890917558868495, 14.281237222301588, 100.00001246374647]
[59.127038230211369, 95.709077088540823, 99.999985123875632]
[89.974514371626981, 8.8370568687421169, 100.00001224114673]
[32.629329225599918, 59.288724958542055, 100.00001301356197]
[41.114714476656829, 68.897438324526689, 100.00005166024552]
[24.638973808503529, 100.00000112283372, 58.168484955716494]
[20.126039824500335, 67.222586903542009, 100.00005924601655]
[52.779729372611243, 66.120298336654386, 100.0000423985626]
[99.999990550528196, 75.293410669775753, 63.576977181328843]
[16.057861643919331, 71.282654202187587, 99.999984237833687]
[79.86293626287312, 33.152245984623349, 100.00001669214464]
[36.366680857847925, 81.128227896329975, 100.00002558865418]
[68.21643966178604, 41.990188737872735, 100.00002268343526]
[99.999982540048279, 4.6856583152342814, 5.8653690001680268]
[57.298263180116876, 35.293905810757408, 99.999952863311748]
[27.203539199812987, 78.916529893490747, 100.00005253521879]
[96.298965965039486, 100.00000137910348, 15.636800509132986]
[93.026419284135685, 17.132603650595879, 100.00001499819885]
[47.974260549934804, 12.187604982733799, 99.999993725448093]
[73.854423198261856, 73.698004058903152, 100.00006511239144]
[99.999995183426236, 3.4236205132662061, 79.795551694653625]
[11.609169094013463, 77.379617259993637, 100.00006372176911]
[52.546454363766891, 37.845272710303732, 100.00006025112322]
[11.7865070589586, 25.886647715313515, 100.00004865695463]
[5.3544804228482796, 81.292569198961189, 100.00000402430641]
[99.999996810247112, 12.918588053966596, 42.933209604844279]
[41.178117943776897, 56.619430546037179, 100.0000600463991]
[22.980241886675127, 64.99472597862858, 100.00001183786856]
[78.765335228222469, 70.714353174846806, 100.0000563361935]
[19.815794225562662, 92.423422550831489, 100.0000244625906]
[40.559417154845605, 51.167330801422963, 99.999965523902517]
[54.458014954861511, 95.210043220858523, 100.00005150256975]
[27.532584966530983, 59.395329614060401, 100.00001869135565]
[32.351595154283913, 82.739371805010819, 100.00008814048877]
[70.39849748762839, 28.886386963440881, 100.00000076103527]
[28.192344233199254, 53.722098268384258, 100.00001336256946]
[78.890372418023048, 5.7862115051101739, 100.00002145712929]
[49.213753075638138, 57.703905474805907, 100.00000467552928]
[57.345501352653336, 51.982023206457711, 100.00000240368259]
[57.19740715622153, 58.731650866214906, 99.999999316998668]
[99.999996289208283, 30.645998905334569, 49.496893239192822]
[48.283029600781148, 28.521276369369264, 99.999983900397666]
[96.549755958085896, 38.22269631601479, 99.999995351454956]
[99.9999898200888, 33.170193572744481, 94.65606852566421]
[36.929363936159184, 61.225106184920975, 100.00003999214394]
[15.974161296974467, 20.955073328880651, 99.999952028448021]
[8.8855940464084462, 6.9469739606389229, 100.00004253919823]
[53.962193210720002, 6.2447613147518766, 99.99999997842832]
[81.466912752451975, 80.741304617312693, 100.00005758108468]
[31.545591133393476, 63.646489032223322, 100.00001186090911]
[44.446967524561515, 66.430610667113939, 100.00001116003008]
[33.044727594293612, 71.903766101629614, 99.999998433499002]
[99.999994482825571, 69.872397294514855, 19.142006214380167]
[34.927030592347364, 33.904589164362825, 100.00001808522126]
[7.2741079988323349, 100.00000014073797, 76.225494996704214]
[1.4631350475567135, 58.356975435458843, 100.00004834603958]
[99.999991314762298, 79.74365966154204, 39.723449326685312]
[46.591933842403712, 76.000735001994926, 100.00003693043344]
[99.999987673249137, 83.645600395082724, 1.5099977359743839]
[3.263262987390517, 71.100831566236891, 100.00001108495113]
[61.648283385838532, 27.463818255647851, 99.999969826059711]
[92.84358113655847, 54.259867473445411, 99.999982841985712]
[100.00000042070508, 45.531953571071284, 85.46394245029758]
[27.054232718624931, 75.083598011327084, 100.0000159799867]
[23.349094738032107, 42.132595040012788, 99.99999617598607]
[35.126065255043116, 11.562267036033195, 99.999989183017362]
[40.980965076697686, 19.799116882793456, 100.00000443874337]
[76.058496881285492, 76.440653850587452, 100.00004506680926]
[59.136845957537162, 25.029167373667363, 100.00004936044301]
[13.557553633261675, 55.726285662926728, 100.00003374982609]
[73.520055342221767, 32.734110586051841, 100.0000713103733]
[43.04438714099178, 56.557245331103509, 100.0000076116745]
[21.131272208736945, 57.157874402179864, 100.00005526751315]
[82.809148823606535, 64.753615211908937, 100.0000452123888]
[72.052255415278296, 49.251687886639111, 100.0000120901517]
[22.140601251398635, 40.792415310564124, 100.00001291727629]
[84.369948609351766, 23.773459390802763, 100.0000206169899]
[26.888442733596762, 33.520262467559441, 100.00004157394471]
[38.097830453609582, 88.933896308802758, 100.00000138135769]
[61.297568853539339, 48.547960639126657, 100.00002708728697]
[6.6450227269490156, 78.393633522671763, 100.00005926795005]
[51.231239771977435, 52.399879750575707, 100.0000169405192]
[41.698939232721514, 87.265241734323425, 100.00001258369592]
[87.808074252454844, 46.469629707213102, 100.00001866189622]
[99.999999650759662, 15.806019617781061, 39.204895485070509]
[6.9184792059901383, 23.873246042440428, 100.00004846419658]
[10.130446351496481, 9.8078532333656518, 99.999991798091003]
[13.990585610698529, 34.822803746543286, 100.0000231199395]
[49.482277116812078, 83.290797481864388, 100.00004745444963]
[53.578385089275102, 48.841807220017856, 100.00006730467169]
[49.826181243226138, 0.55875187264258486, 99.999956379589875]
[39.502164045304248, 52.727464048870289, 100.00002502998764]
[37.296392059476176, 0.64959938101809733, 99.999988579473424]
[63.263980346035055, 75.686075253214938, 100.00001974974302]
[93.781292263227158, 4.5481749164365866, 100.00000592330605]
[82.750270839301635, 41.445675913546033, 100.00003413351027]
[27.991150440987155, 99.99999703647417, 59.083302263951097]
[68.789298506616717, 99.99999241014325, 96.681029135580161]
[41.015124788068931, 21.575300176060743, 99.999949944077912]
[99.999998519550417, 68.661992152965439, 51.04704058339653]
[21.372221862184766, 51.773634539838966, 100.00004816737723]
[76.77214718380597, 76.426267173065924, 100.00006542240284]
[45.354500793091162, 16.793643140498194, 99.999975403112074]
[56.622971038314333, 99.99999126555106, 77.628868009751244]
[13.364293510395742, 96.357658842327865, 100.00002284761942]
[30.758388816160377, 50.373484999008703, 100.00003392276057]
[55.933187391806477, 74.568985977983871, 100.00003372174977]
[25.137416502565486, 32.858842459344949, 100.00000671008179]
[31.987498971900827, 57.558038324405402, 100.00000011840827]
[74.981181437115367, 53.902504421410299, 100.00000210009128]
[29.853937958813084, 37.968151004916393, 99.999988017707949]
[58.919281580023267, 90.426515161455654, 100.00000993525006]
[33.936013859694086, 11.727235417284639, 100.00002578374313]
[1.0432471646187178, 86.184421278340636, 99.999996316101175]
[73.494927589620161, 32.725589411865947, 100.00000724131307]
[1.8046391213449056, 100.00000421276862, 61.14384860101741]
[66.008871824265697, 49.476066691669963, 100.0000520417298]
[83.691363334560165, 89.617386792980582, 100.00002381069525]
[23.770189734213613, 87.832027872340788, 100.00007920717407]
[23.488007850607403, 23.771154291210255, 100.00000959976509]
[63.596761419587942, 58.824047103548239, 100.00000663337323]
[38.569155602893844, 86.906192115490796, 100.00001815057772]
[26.816720455785294, 94.730099272927333, 99.99997941502977]
[46.70181058049392, 24.688868858639857, 100.00005200175116]
[9.1068806499208126, 46.633065815355607, 100.00004858438915]
[82.366310940831156, 60.487334778433521, 99.999991423829385]
[63.942966175835167, 15.450564020227855, 100.00003188961522]
[50.026116738033586, 64.812942291566372, 100.00000390744398]
[40.536960230291328, 67.944110374843973, 100.00005728186613]
[99.999988755403677, 34.59933221411454, 92.199840979409231]
[67.725800811888575, 86.512963663462443, 100.00006089548377]
[62.45157751977375, 33.204107546917712, 99.999994341443369]
[19.828616216428593, 83.809739490306811, 100.00003635613156]
[25.387715273218184, 33.951154122724112, 99.999974940629031]
[74.178838661698435, 48.772777105927446, 99.999989693371901]
[79.331680443930352, 48.505537731837961, 100.00004202922921]
[83.56271166332229, 87.645051385776412, 100.00007349749589]
[68.468080222369451, 34.174233759258875, 100.00003228139204]
[35.158464971081926, 31.554264919335765, 100.00005195055202]
[92.846855485305213, 6.120235990785698, 99.999980644876146]
[43.978152459888932, 56.426308638902519, 100.00000514714941]
[53.765725987963883, 25.798270865376185, 100.0000245700794]
[47.406094794047377, 14.180442964938639, 100.00000705098901]
[42.343944695052322, 65.508470382588371, 100.00004352887225]
[56.439190572134684, 24.280819849919382, 100.00002556667442]
[28.511550563012094, 64.358036632952533, 99.999963723322949]
[60.879542139004087, 73.398890766049135, 100.0000041078288]
[40.47073569033207, 88.83816255657689, 99.999944439805518]
[9.9561270933988393, 51.221536301935679, 100.00001409441801]
[24.077257147117475, 19.391980789948256, 100.00004386884402]
[86.426424077562871, 63.916303802212326, 100.00001002009708]
[83.299250373924735, 48.013817169164255, 99.999992403827292]
[73.996164693639869, 29.419246300878228, 99.999977931532513]
[83.028983079597467, 19.34125262805409, 99.999995221402742]
[40.877918754498367, 12.960704430275413, 100.00002495531139]
[78.299828925786159, 28.405561875722913, 100.00000629796421]
[99.999988325713232, 52.311941404174377, 85.13948519949615]
[62.65660912380514, 96.900899387244962, 100.00004833120182]
[29.785058159258902, 57.656567141058567, 100.00002552514965]
[57.64172465433299, 38.976667434905821, 100.00001042950385]
[82.69552808588989, 32.047386880301154, 100.0000006319739]
[55.295328407048487, 67.375271102541063, 100.00006693092369]
[63.49079602306449, 84.216803666452478, 100.00004687890946]
[30.071461610939505, 45.707859489569529, 100.00004811740239]
[38.231138998138881, 78.463113812714411, 100.00000594922925]
[99.999991661856299, 61.120368983841793, 31.068500010325607]
[47.877982117046329, 52.933513586819764, 100.00007084086458]
[65.64928214865084, 80.490679773943015, 100.00003151133181]
[95.814164274700346, 60.789903127804827, 100.00001495875458]
[70.204292169414046, 2.5374201227227537, 100.00002608057625]
[74.832596446669498, 82.037892727518596, 99.999993219859761]
[27.225158658003274, 81.769353493914224, 100.00000456904139]
[25.811737084113808, 70.502496318563601, 100.00004265238579]
[22.034902096814534, 28.498711294505362, 100.00003302276792]
[86.513865574467602, 77.007898564496386, 99.999961896873089]
[72.860600967769415, 55.857515165713536, 100.00003878717831]
[66.233243790124973, 74.951225390703399, 99.999977123770918]
[0.3809978847214861, 85.188668893777731, 100.00005271123231]
[52.247038190692066, 22.707953771308244, 100.00000015388974]
[61.395770748029086, 100.00000332215519, 99.032340145967709]
[61.928731950190581, 16.499091945146805, 100.0000250332439]
[19.818063010714329, 25.424230504189353, 100.00002974067223]
[43.535417463354719, 74.018480405021919, 100.00001352772986]
[14.985090424204873, 13.853998064547014, 100.00001385584245]
[16.180956196401652, 100.00000575686316, 5.7814083229514672]
[46.602679356362863, 48.562899059671693, 99.999990650362719]
[45.970650845696468, 7.0467237795636102, 100.00005578402531]
[2.3582229946611957, 36.777331864420503, 99.999993800792666]
[90.890468939238417, 47.468327230335419, 100.00007052371863]
[47.428281166301979, 32.406238146062812, 100.00004391432927]
[29.643252628657301, 97.5322251469062, 100.00002912013704]
[23.014347898485141, 20.811107455065869, 100.00003854418439]
[18.592014896298409, 19.106188321844417, 99.999995244716445]
[70.413260448399626, 87.318965951921442, 100.00000654157876]
[71.792158881440159, 91.166283589015606, 100.00005019100843]
[68.077211433780889, 100.00001015801142, 50.285376500297531]
[38.105294877570984, 54.978544768534476, 100.00000273280287]
[31.466451781678416, 97.635505391469422, 100.00007250940368]
[77.199850997410607, 30.321839091736244, 100.00000118760354]
[63.745256043155287, 100.00000022975732, 36.411030797301819]
[36.870951324737248, 37.962066769388279, 100.00003124937069]
[54.48507572288721, 79.814974096918476, 100.00003255825369]
[62.779618883398754, 71.17883736157107, 100.0000851532641]
[74.007109253235484, 15.567009002690053, 99.999984817277877]
[33.280395702603741, 100.00000370778612, 74.681941493736446]
[8.0872129039856233, 24.615948253710023, 100.00002435156377]
[21.338835884079813, 22.661518329771376, 100.00001162619373]
[79.149827383525988, 57.235522021495285, 100.00008020452509]
[99.999995480405801, 2.4640990552738353, 15.031300979673663]
[76.656192018913146, 53.389516845851688, 100.00000321497293]
[81.991986046902113, 69.129602288407824, 100.00007260173906]
[42.889968541325445, 81.131781707389223, 100.00003543943103]
[26.7213741986548, 19.988546664852567, 99.999997276434271]
[73.960543318479921, 52.223423280482983, 100.00007449652551]
[72.726604428624427, 55.281164286351554, 100.00005895142156]
[35.687149635736027, 79.320776170702743, 100.00005464013891]
[99.999993478274945, 95.681407668184505, 91.314857381175855]
[69.052217455529657, 62.674957819173827, 100.00002138488459]
[70.364410949434898, 83.495577650814084, 100.00006367584022]
[17.069117319409848, 44.047422453791029, 100.00002324917423]
[83.918469301922698, 93.118911352492646, 100.00004376227818]
[16.309686522413159, 52.776397176600518, 100.00005391208059]
[25.18433179000473, 68.126807830357791, 100.00003232944914]
[21.253794489922868, 69.297584400134099, 100.00000379780856]
[0.20599652574073879, 37.468040321662734, 100.00007151377037]
[81.462295992243142, 27.606600410439391, 99.999994701065617]
[91.446017732607302, 45.152971575111323, 100.00000733511391]
[39.222301866058807, 69.253455450397922, 100.00005598376809]
[97.539155316433977, 45.074831543027244, 100.0000043396784]
[6.2889312801446344, 9.8327441549055585, 100.0000714952543]
[2.1358444326879518, 16.592711475609491, 100.0000045637571]
[64.811595701087583, 21.126516074666373, 100.00002967157903]
[97.025569351846983, 91.204186547720582, 100.00003551983788]
[99.999994183950051, 3.4398422997140941, 60.824719099411993]
[99.999991491097745, 76.283801734246964, 89.215309126094425]
[91.656469519055918, 59.987526583305844, 100.00003356869493]
[9.9422717740719921, 63.0808446731956, 100.00004543732726]
[20.496875175075058, 81.689500752905246, 99.999964236766118]
[1.9298241801272287, 19.836171831522968, 100.00001222977012]
[5.529054996334084, 68.500021272853715, 100.00002315554272]
[87.453123648042435, 43.917366203619402, 99.999960742820178]
[95.655998330042578, 30.207768551912153, 99.999983220623292]
[23.182986592909113, 22.855660488128272, 99.999997540278571]
[39.585263961613116, 34.237323142734411, 100.00007414695773]
[87.913247911028776, 26.733009123315231, 100.00000565768781]
[73.619665273179493, 19.993419071845008, 99.999984727889014]
[57.968402873177986, 67.032619002397041, 100.00003829746848]
[77.669276517700169, 24.241682890241634, 100.00004065295636]
[100.00000746574247, 18.557824284826136, 33.805546046829114]
[8.3334175931006662, 88.243157634685048, 100.00001430393401]
[41.769167531329572, 41.073788462294523, 99.99998626126451]
[99.999984578974406, 11.093333600278449, 68.161968934636221]
[99.999996767893521, 4.3331762812814212, 68.308398926366095]
[89.995303368417368, 49.939406807404623, 100.00007260245012]
[99.999993725000834, 78.371819813670513, 16.274193862517691]
[64.901593297648091, 5.7984808164730914, 100.00006009959371]
[88.761537586105092, 100.00000512207178, 3.2371668799972468]
[47.322504342814668, 33.289996617701505, 100.00006929271228]
[57.963763828925153, 20.492945888118165, 99.999976077197815]
[73.425853943648306, 25.416889849985196, 100.00005172730306]
[86.755378606167781, 48.089835151018463, 100.00000026473714]
[93.131183411993035, 43.232042838161796, 100.00002101185711]
[32.964716123199238, 29.635595730944591, 100.00005668946321]
[19.57465927794896, 41.187516893235227, 99.999954395463277]
[69.913874927768958, 62.844538845438912, 100.00003541164858]
[15.057523090343159, 30.851579007887594, 100.00004719162192]
[16.168484057074537, 82.266746163051437, 100.00002213655858]
[26.100748638180768, 75.317875398241199, 99.999985554792332]
[44.940604824992285, 100.00000599627343, 84.457067526997506]
[7.3235210998916855, 34.811319809507367, 100.00003322100159]
[64.755081840009339, 43.449186717464961, 99.999995897007551]
[99.999994425102827, 43.123460066850626, 70.995227973064743]
[99.999992020577594, 84.808326632743217, 75.68951397899383]
[93.781213582976875, 27.238717345632171, 100.00002613070677]
[16.901469127274638, 100.00000338192987, 47.905356102014935]
[86.707129711752231, 63.350103909736603, 99.999997508653081]
[47.234562363036289, 98.57473316061737, 100.00000176822789]
[46.729967689133616, 30.85051793242144, 99.999987081687124]
[61.733931468208809, 99.999998341593326, 67.588036724539123]
[20.272627715637427, 53.133863815404069, 100.00004635212922]
[5.7127004928976604, 85.395309526560624, 100.00003601500903]
[82.055294385559037, 100.00000738241742, 37.309206613829602]
[93.160895585974487, 48.996661723328998, 99.999973261391304]
[60.251270234964366, 67.648145492021143, 100.00000180138998]
[82.876213857688924, 98.913405773354185, 100.00003575076329]
[17.972503494700312, 51.426689938597704, 100.0000146158083]
[7.2924161864934849, 64.414218892741289, 100.00001355087316]
[80.906022627213716, 35.330262471096539, 100.00004258606783]
[67.27684258960663, 57.887092576010829, 100.00000669338465]
[97.231419738160923, 90.471253156177056, 100.00000563937708]
[12.846012082748672, 20.12845184800161, 100.00003465114426]
[21.11774177617891, 67.269034746577034, 99.999999783942911]
[53.254680270301293, 92.002350720345589, 99.999943292489107]
[30.954932893622519, 98.123403563063675, 100.00002381196244]
[35.725285548428481, 36.356176925988869, 100.00000137206968]
[79.766720752093377, 100.0000047538018, 54.080893033987337]
[0.80474472934443142, 11.070280608252521, 99.999982689010821]
[10.519840668402388, 7.1106651410518555, 100.00002352922357]
[56.972290731981523, 100.00000075398052, 57.48499072722155]
[2.221287934326968, 72.92878420221804, 99.999964685602293]
[34.336953601846723, 27.695717560021947, 100.000018347725]
[17.407991022388515, 68.373018541497714, 100.00003512278812]
[5.7739808094222838, 55.17672035868992, 100.00001383684916]
[38.598113080115468, 38.673283227503113, 100.00001251813957]
[94.841962657142872, 55.268120766343166, 100.00001270501352]
[99.999990917469702, 15.061768658266647, 46.53374536591992]
[49.338108151574829, 66.387433879907888, 100.00004595725997]
[28.000430034638811, 99.999996222909274, 99.090368768299172]
[62.405751191068802, 13.250003874944138, 100.00000486685913]
[12.181444345025154, 89.027016131289059, 100.00000738596292]
[56.526314871708792, 29.81592337077948, 100.00005694162734]
[43.373709800898638, 6.6005082113769156, 100.00003361759136]
[83.251850796942961, 72.550524734373397, 100.0000040289512]
[49.659922996345855, 30.310693996755589, 100.00001627004913]
[65.625951967968234, 30.900573762633869, 100.00005112336329]
[59.623387433106572, 64.023447546747832, 99.999983573770422]
[58.893540124110899, 44.925569911626567, 100.00004866112694]
[21.310641590168419, 54.689917510735157, 100.00000230529652]
[99.999990874251864, 3.8743049326765568, 56.883418463326116]
[99.99999244768523, 46.971359834432313, 49.296466316578105]
[99.999979798279327, 56.287184513169436, 23.641835982768718]
[8.7490822291254009, 13.850311082053741, 100.00004603425273]
[16.655040830176294, 57.662674564996692, 100.00002522314365]
[5.3961716808032261, 10.206496340181081, 100.00004029313041]
[99.999988577292314, 64.236773531685344, 75.210312478554087]
[100.0000037693859, 32.822379099930451, 60.30581544963237]
[99.999985637885004, 75.0574399688672, 80.54686045172032]
[79.087149369617947, 88.937284201599681, 100.00003648849302]
[56.398385516853324, 38.531706305959418, 100.00004913098552]
[99.999994403865543, 1.1223400056331041, 33.665264659012273]
[6.3065504615396204, 81.217733468850398, 100.00001195744717]
[100.00000680839734, 25.513882872550759, 42.352899180791802]
[99.999999660028394, 40.301272445206671, 89.774139675985666]
[86.441066124680617, 20.151171614110034, 100.00001535377902]
[57.479162347921616, 52.890222748130761, 100.00000313861885]
[10.450752663047343, 27.753118653608617, 99.999995908505724]
[10.210671978331495, 100.00000212176516, 11.940373183432207]
[19.207610157049913, 24.539954557948178, 99.999987266573498]
[9.0135833762135515, 37.912389839547956, 100.00003402006639]
[21.652048977063572, 44.408219345176526, 100.00001611048688]
[54.584452572067939, 82.79184690555303, 100.00001370616887]
[31.093669730225891, 48.774457815712346, 100.00003940728897]
[57.458451194359299, 66.71182706698697, 100.00006104437365]
[33.028111559398639, 63.732988408414087, 100.00002631717473]
[18.599474185080453, 49.945216541740599, 100.00005199472757]
[79.561820849261721, 49.384969359574995, 100.00005024570858]
[8.4638234172146483, 25.770810384033393, 100.00002827835155]
[17.964251280837313, 93.35645935524316, 99.999983002720512]
[6.3768447656380651, 60.171600573295535, 100.00003150819074]
[97.8501307728678, 99.999992393135983, 95.759986604708303]
[82.665791108681134, 100.00000087886194, 61.30546284631874]
[16.378164537855422, 5.0811953272434334, 99.999969280454067]
[60.55524260870515, 13.663793894944412, 99.999982426377102]
[7.8990587554859566, 15.819235966502442, 100.00002901042791]
[4.1436439172277648, 42.975560695759427, 99.999997775053899]
[99.999987889082547, 84.915187144506035, 87.806272129629505]
[100.00000233849539, 93.185549598681533, 91.186009965856897]
[98.748317037339888, 60.81259480435051, 100.00006204369336]
[78.034014638471831, 22.887014951325394, 99.999982103392554]
[98.762370653330805, 38.212701892002116, 100.00005392846249]
[25.076438239528422, 7.6478463459292492, 100.00005538380204]
[19.271578089272655, 16.500474259466557, 99.999970179066906]
[66.172211453588147, 56.087400861248376, 100.00007592194451]
[8.1751093168350657, 19.798856786986342, 100.00002446751216]
[39.432898122273215, 8.6557245551848041, 100.0000547943491]
[0.18176931375335847, 74.421743318639557, 100.00004000662693]
[6.593262299662344, 58.682722350893386, 100.00004090629555]
[99.9999928792584, 60.653627582484212, 35.109060409523892]
[72.660488726561042, 88.862110896414819, 100.00001409242907]
[61.523733938891766, 5.3478594204539434, 99.999994272872158]
[40.544453176127689, 39.141230563495739, 100.00001002889948]
[52.113307042716173, 84.788936495087427, 100.00000144109454]
[99.999982866397701, 59.191339313830227, 97.629317464290409]
[99.999999788504709, 20.693056540904337, 90.609201290793507]
[49.053460603597557, 74.354084248183113, 99.999965366447526]
[99.999986640139483, 93.875793702545394, 74.067842474132902]
[75.602101694758659, 58.114122917920284, 99.999971809488628]
[72.572439467368184, 62.292562532918978, 100.00001926069677]
[99.999986144215796, 59.675271645090781, 88.836453136176516]
[72.509301826120875, 99.99998791643678, 93.576513946896014]
[71.07489243712439, 75.624523062321373, 100.00000830334079]
[13.312742223932061, 81.280736631242036, 99.999991058798514]
[49.906222288190889, 48.137047014677719, 99.999968421061084]
[46.663682421467641, 77.212240593355943, 99.999976888735972]
[49.37423917047829, 99.254278873506962, 99.999996083478791]
[30.908872621190728, 58.241902555721047, 100.00000357828343]
[22.506316170656461, 41.899397315578035, 99.999984884058449]
[54.567025907381591, 99.99999810906445, 100.64593441641091]
[84.201946544713053, 5.3441295922885104, 99.999991316845041]
[23.534981355080951, 21.424878068787493, 99.999977784237558]
[99.999992187402597, 90.864428399382078, 11.317690103687365]
[87.922018594640633, 56.247083220737046, 99.999986480986166]
[93.753743564640246, 98.57290743380679, 100.00002836866807]
[68.815389041343735, 81.935596726917282, 100.00005120141782]
[18.798990803923118, 37.427995800975701, 99.999974958056697]
[91.246190706690797, 12.263195676322596, 100.00000194262175]
[78.719917983213946, 99.537139534394669, 100.00004474810733]
[66.765943029749792, 95.191211195867311, 100.00002669966902]
[11.803274325536636, 54.840748522423269, 100.00001636606727]
[63.849870557095997, 88.693451798251544, 99.999994507851525]
[97.580560653885499, 39.593465262776981, 100.00004166923567]
[26.263542543606057, 69.985724940052393, 100.00000862667278]
[66.574853566191308, 47.57054693042712, 100.00007587982314]
[58.688800438980465, 36.393934885232753, 100.00004291929474]
[14.024606858892337, 43.352094267453715, 99.999985074898817]
[67.303726167173721, 18.047600336118037, 100.00002201509581]
[0.85856428047960165, 53.122167829136686, 99.999994239807535]
[86.440008318041166, 66.042548306079041, 100.00006875123368]
[31.486488485435956, 57.488491244376831, 100.00004004992846]
[38.326344410716821, 88.467391138047233, 100.0000804599749]
[14.157205510733153, 59.968531853339876, 99.999985672041788]
[100.00000774701422, 60.350551688530636, 72.923006775813377]
[36.333701034610236, 65.908624160224292, 100.00001459509691]
[77.700943434611844, 82.122616526610017, 100.00002758233765]
[46.321139556585941, 79.11856528627311, 100.0000351803352]
[71.152434978458132, 69.442401854356305, 100.00000657729875]
[26.853878492239161, 58.313066306791868, 99.999994617086514]
[82.154619307769437, 23.110807127947815, 100.00000882240603]
[69.436809592665199, 20.710084299156996, 100.00006519450309]
[48.657711166782711, 11.112947986611065, 100.00003394654227]
[10.762140972175835, 89.991265459494414, 100.00006256911639]
[39.025190260251513, 44.372054076253221, 100.0000060883591]
[64.737214777480474, 85.945875012912992, 99.999969316084076]
[75.606657817322954, 94.470315550218231, 100.00005593077702]
[29.037218061542212, 44.580847855476058, 100.00006707778184]
[6.1527940702595769, 100.00000180294242, 17.190807323419182]
[87.205747767742224, 50.491641623595605, 99.999983198038819]
[37.958526733056857, 84.286228084019072, 100.00003224977355]
[99.999997654376159, 86.286100357228193, 37.376875568293627]
[98.192299815377808, 36.521403048707867, 100.00006225573459]
[22.20980832951874, 93.621344357386988, 100.00002449849124]
[8.4627424743533055, 45.101401004234475, 100.00001835392396]
[55.208572132757553, 74.840268366565212, 100.00009878975725]
[40.874801470336415, 100.00000511953428, 55.530681277092853]
[37.48320043781348, 79.893747296963511, 99.999975261132036]
[59.581918266896963, 30.885114936846485, 100.0000487160525]
[31.289476363341922, 59.998728440995649, 100.00001756032292]
[81.187949064847061, 35.180273853540847, 99.999995380197404]
[32.791886339558275, 99.999997351531562, 24.349196500708466]
[99.999994911950395, 21.152840998487001, 52.562887201517569]
[39.659566229397001, 58.77224172089867, 100.00005015673565]
[44.543446798492774, 19.136709437445216, 99.999986935073935]
[59.785468621950422, 54.40931579155243, 100.00004816782844]
[99.999985224912166, 13.109228725517312, 51.931318809970982]
[49.542153356166942, 90.738337907159206, 100.00005150764004]
[77.717185734598047, 43.665550057655018, 99.999994354908722]
[22.683826008054005, 28.123919208344805, 100.00000237447698]
[67.530611083539071, 87.991260636411766, 100.00000019782188]
[37.962069293857425, 100.00000019650182, 59.59212263715753]
[42.776136519001234, 21.391235323518373, 100.00002473132764]
[37.690788423399887, 81.081646119444173, 99.999993189266007]
[33.49011710718856, 22.698416125228487, 100.00006013927242]
[99.999985698074497, 39.612262494375372, 64.027209000190652]
[71.083018911601741, 29.363336127261412, 100.00003320043851]
[15.701522186024802, 42.799727661483942, 99.999968347026268]
[48.132586117445854, 85.385697210586855, 100.00006690921225]
[93.197034730206184, 75.714557258641591, 99.999963260788519]
[78.712578104898057, 61.22303492163028, 100.00003379508701]
[57.113257412149011, 61.028285851982659, 100.00003916278806]
[13.458581066217201, 64.483061459809619, 100.00004069754316]
[31.054927451664526, 66.572482507459156, 100.00005787282331]
[50.761816153983538, 53.793905942929896, 99.999943921668986]
[49.381569200442144, 46.119521026136383, 100.00002004197339]
[32.592559842255255, 12.081500841881795, 100.00007920723424]
[45.1749233761429, 22.401876872847897, 100.00005075399625]
[24.581849888745651, 39.762799096606955, 100.00001088818065]
[48.240488289556929, 93.479918137892, 100.00000692244086]
[29.028707168370389, 99.867165502798542, 99.999969738152188]
[27.535218102890639, 89.033775583189282, 100.00000439600223]
[37.362377126407708, 100.0000040039799, 22.697280239748839]
[78.139889576475497, 76.97620658980415, 100.00004995273511]
[21.602347314589569, 91.957604665539876, 100.00005411748006]
[99.999990483741158, 54.520319960380249, 17.251104775585318]
[4.6567885457728764, 88.988398644731888, 100.00002265522878]
[53.816015311221406, 8.9357644970335137, 100.00003078751479]
[36.257723472756005, 9.3561992995050005, 100.00002876656896]
[41.287119771288516, 59.776364119616076, 100.0000133676012]
[54.206076691868361, 52.427148836564776, 99.999979554826652]
[65.407691379879097, 53.986086944141803, 100.00004375332669]
[21.757374738578875, 71.762786332288726, 100.00007277843918]
[36.716240485265487, 30.123568585916622, 99.99999865177486]
[58.624740207529101, 57.705449968933308, 99.999989511338299]
[19.483071955338932, 3.4880634878080912, 99.999965169329144]
[99.999990813324743, 68.411541350896726, 69.101193339520066]
[76.825940667910999, 81.992308422398807, 100.00004305123886]
[55.647285653916533, 91.408242048953397, 99.999991830357104]
[91.946168810182883, 76.533314951202513, 100.00002325130788]
[89.555984022867349, 1.5723755690499956, 100.00001906066962]
[0.49216175292182029, 49.531573370586287, 99.999983588483261]
[4.2475903432128774, 36.251934603639874, 100.00005973333826]
[59.973547349612289, 84.384548381022825, 100.00006252170974]
[99.999985532145232, 59.943957694083323, 92.103773085269978]
[63.153146343164664, 24.136922267472968, 99.999998792770185]
[97.504470979333064, 30.046460346963169, 99.999970672622595]
[20.532235225226124, 71.925064939704271, 100.00005669211728]
[22.090219379860748, 15.040488827453926, 100.00002995375434]
[81.390769922563337, 46.219654473588399, 99.999994203350312]
[9.3470498245411626, 95.907168249652813, 100.00005688693555]
[21.903024899439494, 51.966066592161347, 100.00001270359587]
[49.830923522987568, 84.873689067968428, 100.00001157729066]
[2.2321405961843066, 53.388420591493002, 99.999995255939623]
[6.1662219073252551, 15.187125839011857, 100.0000181317175]
[25.946332150679694, 39.097479145406041, 100.00000788603963]
[14.179341281957452, 75.473679429191236, 99.999967231363456]
[6.955187125191781, 71.022350476922341, 100.00004292245021]
[99.999989475653919, 57.701519434125025, 59.742950585108787]
[60.548120963969183, 75.477827244934218, 100.00002225256907]
[26.777524585369008, 42.003748619603712, 99.999976439079774]
[29.420123952864351, 2.7316859406595206, 99.999984797731017]
[56.769921781965522, 35.622937955959515, 100.00001700708542]
[9.571728772719224, 15.779780188594728, 100.00001406429688]
[49.568424138671666, 13.957803986983869, 100.00002971159566]
[1.2531818681207714, 99.999999663637723, 57.668812208621745]
[99.82188865689227, 52.093571742470473, 99.999997033426965]
[26.556642378306698, 63.654272075360282, 99.99999695228631]
[9.558583050757159, 58.347314856751836, 100.00003399686327]
[32.040369778159949, 36.382768332836164, 100.00001708512285]
[11.065534862835204, 48.591316147773142, 99.999996052522363]
[96.586822260890443, 79.822338874554916, 99.999939115369088]
[96.293866772018134, 61.755843568065011, 100.00002962975786]
[1.6580757744697507, 80.51743468932483, 100.00001042299436]
[25.247246962938455, 77.154768419294882, 100.00003060044079]
[97.964192554041347, 11.999807114660094, 100.00007779277841]
[27.569097188963362, 99.999996380434112, 94.94112683983397]
[59.233511194636947, 61.608687922601163, 100.00000997359041]
[23.744100443610726, 0.8536135288872071, 100.00007412471683]
[49.783797168052324, 26.89544205468691, 99.999999980065084]
[50.465285811996203, 16.985348392231369, 100.00003423150415]
[62.155690349183295, 51.250518978650902, 100.00003198314499]
[29.907531842356853, 79.157220941428392, 100.00003813663592]
[47.675825032660228, 59.770375346308143, 100.0000603919265]
[34.776348211719402, 58.505883985300244, 100.00008436437399]
[12.613465652847477, 80.157800712582727, 100.00004720382994]
[51.54615182954916, 25.718581087280821, 100.00001303028574]
[2.4428633172141367, 42.922653218715531, 100.00000096430539]
[82.85592466756259, 91.136697771247299, 99.999984395287669]
[12.523385386108762, 78.418898974675741, 99.999996493404979]
[38.617961695108022, 67.362418022345636, 100.00000407407546]
[87.343684298533788, 43.110249015893253, 100.00002552479852]
[43.026376784172612, 64.445312175399579, 100.00005140773133]
[99.999979484969785, 45.510652091918004, 97.303013296088707]
[83.284737749694401, 78.787022941460805, 100.00005862674935]
[27.028589027915714, 9.2967728837858079, 99.999965725841534]
[99.999995246146, 80.486031480200552, 86.337718237762687]
[25.552069457962418, 83.569605026703158, 99.999996602721666]
[39.650067856568626, 55.726362143737475, 100.0000124266768]
[100.00001066762579, 32.87511944653501, 80.195176102303648]
[67.16858378071916, 25.900858710364766, 100.00004539168908]
[45.316574561211823, 7.2406153773908422, 99.999965184832348]
[87.591987364301858, 87.192342537509262, 100.00002989932408]
[90.918630079999161, 75.976623287486305, 100.00003752904414]
[95.517238347368746, 42.715735262103024, 100.00000231490066]
[79.40365957929049, 47.530418134767586, 100.00009319592402]
[1.5467335185080398, 43.059065264115645, 100.0000449177877]
[19.064363646641766, 92.677754635858946, 100.0000179450422]
[16.656023437310655, 100.00000977769052, 5.7806531564050196]
[100.00000077838115, 74.179423086931493, 29.087532788871485]
[33.234934911554063, 3.0731177064685937, 99.999987866495346]
[17.756868240204348, 1.1876976220993534, 99.999976224179051]
[93.133444246706787, 95.288961861527085, 100.00003860869435]
[52.161166909070978, 44.314723898134531, 100.00006715562904]
[1.9232759394706349, 67.459535669065431, 99.999999548345329]
[41.299733290929325, 11.268627592989411, 99.999992906264765]
[85.186656044877239, 62.634323359169471, 100.00000636221692]
[25.375814409030383, 57.170713088101394, 100.00001062816061]
[24.385036248950186, 70.470733185217128, 99.999967251397351]
[92.868139298193995, 53.523526318248692, 99.99999606784904]
[29.912745388254891, 32.814851163311175, 100.00000090086179]
[73.318857341475848, 57.693643668379039, 100.0000348389799]
[37.890930588167834, 69.162312010131103, 99.999948766036084]
[99.395559591433013, 21.016564531952493, 100.00008421445075]
[1.2265195474424555, 17.078608622953279, 100.0000573728806]
[77.905308413252442, 56.942905616972126, 100.0000047547076]
[1.9258465243367855, 52.272604632966399, 100.00002064669071]
[7.0958147206759037, 21.020157659476475, 100.00000830392266]
[78.456517717185804, 54.009868090836719, 99.999987054828296]
[28.731161314956161, 55.875925398335127, 100.00005090468611]
[37.408429807465929, 11.764120566734857, 100.00006015453316]
[81.486662772857329, 30.223483217647235, 100.00003133525648]
[0.39740403195136231, 59.744060364413599, 99.999980422373156]
[13.651437086843575, 16.940729479532578, 100.00001054290045]
[8.7099144697289823, 100.00000465422497, 11.32795299664933]
[52.347346129185837, 58.770821135486457, 99.999984486648188]
[58.872364267698046, 40.2960423747449, 99.999989826953168]
[7.7688234823191369, 40.415511506911102, 100.00005696122636]
[92.954364938471954, 54.762071668455548, 100.00003545760812]
[39.264542391465234, 63.879613937692952, 100.00002262766682]
[84.85701646521099, 39.490824778093767, 100.00001684168997]
[59.552778151082876, 76.330547782039147, 100.0000369029238]
[76.429969410521096, 30.864251356114924, 100.00000659991548]
[47.659317676964967, 68.791374269056632, 100.00006643932483]
[99.999999740987064, 38.775546090983809, 77.920975747138755]
[21.610861104454752, 81.153591555572774, 100.00003172517424]
[99.999993281044695, 7.2813045573758082, 88.538283343749612]
[100.00000383637304, 53.68116713264962, 66.489664451492899]
[56.824525122121841, 40.796100922954572, 100.00004608437806]
[61.606505446758831, 47.363731676158267, 100.00002838410816]
[31.783037384258062, 23.522409017431933, 100.00004561693451]
[99.99998966997569, 21.598983893725194, 17.043983666262537]
[61.50296469573842, 72.475699594756179, 100.00004513913133]
[25.388045461182855, 7.3684437133994098, 100.00001052574569]
[42.83638017106837, 56.955234859141342, 99.999999458649057]
[12.153878730676055, 36.057987047354288, 100.00002466956691]
[96.338074791052151, 47.849874488862284, 100.00004035013988]
[72.059818103249555, 55.113087277690028, 100.00006063494337]
[73.691052759331413, 51.45588862788378, 100.00002849610598]
[25.222604881928014, 39.219711783670562, 99.999993496180636]
[73.462347214501776, 23.171876529217762, 100.00006709636435]
[99.999983173784585, 46.354772645005085, 60.050840811255313]
[43.605959790237797, 81.828496077177334, 100.00006916278575]
[97.11750001297473, 51.230835617055874, 100.00000979652978]
[36.579731291315753, 33.646480871363593, 100.00000996657742]
[30.311694360143775, 20.058547742938636, 100.00000893507682]
[51.73819185582559, 68.356569522706877, 99.999977440848028]
[86.303104263713053, 73.608728909170367, 99.999990709473693]
[99.999989071951617, 5.21623665322715, 31.781189618447193]
[78.98059404256955, 2.787100771293936, 100.00009589358331]
[63.439037893070662, 27.854338396196436, 99.999982858339322]
[93.264707983387979, 56.832082240240346, 100.00000993041121]
[14.810314717806476, 42.740460429351643, 99.999979148140199]
[29.293129489450664, 34.179448652488844, 100.00003118145369]
[84.23600155750907, 21.520870631572151, 100.00004513524276]
[99.999984988173651, 24.632628904255846, 85.380360470999833]
[10.417717517001812, 39.008113636577221, 99.999979891594165]
[79.662899591954655, 44.520934733212236, 99.999984510042196]
[54.353470350588132, 24.017239692824436, 99.999955873138816]
[18.052617294804467, 69.827347120731133, 100.00000910104251]
[24.468254704443243, 33.540305560803525, 100.00004256592834]
[9.6510703886500941, 33.996397462869581, 99.999993597681453]
[37.140313025302497, 66.36096331721501, 99.999986816500225]
[40.62146134778677, 92.309671993697719, 100.00000187227576]
[26.480730714316248, 50.698628106751507, 99.999974875619671]
[41.745203527478672, 10.059238874795017, 100.00002538441068]
[35.597729357001313, 23.175964562069126, 100.0000882476281]
[48.624198369970273, 10.56620006977721, 100.00006087035115]
[99.999987082165035, 16.397584895638772, 4.998880817176115]
[54.141979786487212, 96.647294716479436, 100.00002951100556]
[47.303100140645888, 7.4764313147023174, 100.00001281143182]
[74.466206017825314, 40.735420749958593, 100.0000486837353]
[49.81259926091856, 65.697907665835643, 100.00008231193419]
[49.346402192503412, 0.75814644099595441, 99.999981979402904]
[36.761834915449832, 19.572710099793547, 100.0000062327538]
[39.240786520961493, 90.077031407993104, 100.00004994306271]
[66.969712729434008, 46.333341167267236, 100.00002902447125]
[99.999992046707888, 56.688773185499315, 54.974127825345562]
[59.053927847310888, 35.901879867519739, 100.00006767901799]
[15.146374504551607, 41.59296109720303, 99.999943165873987]
[26.091884106823745, 73.920872047566263, 99.999987464727468]
[63.415694801121283, 100.00000125471276, 92.551316455853055]
[14.499869237362375, 72.700739171847317, 100.0000224046736]
[8.1027131962093684, 99.999997197962983, 80.051273206798882]
[71.565294751177618, 8.2919158510050615, 100.00001964638916]
[17.675825290369016, 99.618456218174927, 100.00008650051048]
[31.165945964585816, 95.92692935253551, 99.999995392286976]
[26.423345731835141, 97.95954821586129, 99.999982300118944]
[64.228229944298818, 14.919511439158537, 100.00001863093668]
[-0.18769296473712949, 37.801796562104272, 100.00000737179352]
[86.581257506392973, 86.908011836892015, 100.00001759907508]
[15.336260140036604, 99.999999000059276, 7.8008006093798308]
[65.590486293589379, 44.597509021961457, 99.999994210469694]
[26.74615282609907, 18.171157566670246, 100.00000183951779]
[99.999993904545107, 16.356334217179587, 30.456111745329935]
[4.9709372279928488, 42.432854963051355, 99.999950610245321]
[99.999981857875099, 12.13851737131731, 77.440923589428792]
[65.207363609343645, 2.3748089865184525, 100.00005398471157]
[41.868335418093395, 62.073262038158575, 100.00007068023102]
[47.442699704601509, 99.999998115257014, 83.546502402040545]
[26.308717303622743, 95.117872346549277, 99.999994101933353]
[31.523379018802036, 85.100002472987114, 100.00008396916968]
[30.845019004317585, 72.315044438569558, 99.999958863116007]
[48.152532518085465, 27.503238379698459, 99.999991562325761]
[2.6014847380381632, 87.372928694975229, 100.00003693225943]
[99.999983420052516, 59.335261277909908, 88.785195402475296]
[66.95472645232968, 52.519811996985254, 99.999972801313646]
[49.686214815938229, 14.985331252461094, 100.00003854390508]
[18.070173237569662, 17.091883120624146, 99.999969280656615]
[62.748065057329669, 28.195666249554563, 100.00002985546807]
[14.203074424722706, 43.269290982631574, 100.00000951411184]
[24.555168881731603, 91.723657471551277, 100.00002476594157]
[78.033746293328235, 38.572862896373557, 99.999986627370959]
[43.104993604102354, 18.341842156915032, 100.00003830256959]
[99.999998498925237, 4.7881646109136273, 63.975612027314376]
[99.999988988818643, 47.567625365504512, 40.484072207192433]
[89.60782307737955, 96.432483484086305, 100.00002318077927]
[80.933972876352783, 74.14038799104749, 100.00001672873512]
[85.884960890234552, 59.904618530164463, 100.00009681514003]
[99.99997782352365, 46.899839516291479, 5.7736785167671343]
[38.820102025211753, 35.420250322701577, 100.00000441172473]
[77.707931669126566, 94.055992229805312, 99.999978213738316]
[29.048219279330965, 0.53424614844737484, 100.00004235745678]
[4.4984272927300104, 21.785484652701875, 100.00001908514379]
[44.794777254386098, 61.141150883621023, 100.00004819317775]
[40.969337722879068, 80.892870716415842, 100.00006109718407]
[44.299207497125138, 55.806736563408819, 100.00000621573939]
[61.003061432533762, 83.991156215910252, 99.99997345710085]
[41.065384409949132, 20.561710683723845, 100.00006868834109]
[50.755060054845444, 75.894533059026287, 100.00003408809738]
[99.999985484279591, 87.179300227414473, 48.817905759979951]
[38.65233625161973, 79.061904391372011, 100.00001869318173]
[2.5023269443957972, 27.78409934208792, 100.00006889706708]
[52.747212008419623, 23.794592005528983, 100.00005302407959]
[39.372491088888495, 45.214893313320424, 100.00004954337911]
[10.409784434068088, 45.886835368866912, 100.00006660463215]
[17.042749440986171, 84.690045054361747, 100.00006592913215]
[69.478232475154613, 44.575979940027779, 100.00000042996805]
[45.103486559243159, 100.00000551215243, 14.884526126955471]
[30.976863259105997, 58.685013573426829, 99.999986867034195]
[63.047983652955438, 91.461300851552636, 100.0000247839447]
[93.311464666835306, 99.999995844784223, 92.056174641963707]
[66.627118006887514, 85.973212426368349, 100.00001698176391]
[37.694425655736026, 68.919967459707578, 100.0000872101014]
[10.669764157955358, 68.053873678429696, 100.00006221473174]
[79.045893675633152, 57.516069656191625, 100.00001072791794]
[99.999990134049526, 60.153285519180336, 22.071525961521235]
[40.101824897639759, 10.473723964790931, 100.00002293759985]
[25.842175320308172, 50.878822122442102, 99.999997269322975]
[99.999998534733706, 59.51451231559134, 7.4463647868862388]
[21.608185930308643, 57.967029485884822, 100.00008457202466]
[19.423698260364922, 52.409992603461092, 100.00000044059371]
[9.8257702031037422, 25.393762585815924, 100.00005064101813]
[48.872800838684803, 55.768734298776884, 100.00003292399818]
[45.148787862166586, 44.081599998090518, 100.00005143706971]
[21.471333259741055, 53.801847761475827, 100.00000024056214]
[48.887157816341272, 47.475772431196162, 99.999967756027502]
[70.80045085586724, 92.692311199699475, 100.00008254572434]
[16.46047881534373, 52.904271477158161, 100.0000821909438]
[97.749269093973268, 35.338581391180128, 99.999996864330001]
[99.999999729948271, 15.572024381581766, 75.27767593295107]
[99.999995841905474, 45.670515018663323, 99.286793553477821]
[100.00000229746259, 42.400730377618331, 40.084990363072428]
[26.879446922954369, 88.537676108164973, 100.00001537047683]
[39.949653861498788, 26.221324358754849, 100.00002560191213]
[1.2976693593174318, 12.038105432144395, 99.999992432450938]
[45.470732758379604, 40.120546869521547, 100.00000373508622]
[27.266998455008732, 39.239407353061893, 100.00002005676322]
[68.459266965718072, 8.6093288386853217, 100.0000122953476]
[66.267420150413074, 66.506412771970176, 99.999993210503575]
[86.432713207536523, 40.318740825311124, 100.00002606975914]
[87.949703834288016, 96.911623676654315, 100.00003633600227]
[100.0000043306303, 48.7803374780095, 63.143598550727226]
[98.173780353350949, 79.05543317970799, 100.00001595368884]
[99.999988871531428, 96.294396484894961, 72.297290821324395]
[99.999979775832145, 96.791425928795519, 93.186124422188627]
[39.066305446793706, 20.28131359067379, 100.00005147195867]
[85.822510312537531, 24.135471193474316, 99.99998481819631]
[58.934722080650523, 19.987352711376612, 100.00002096672243]
[25.610466070514128, 20.549086246175587, 100.00000914021889]
[100.00000301569477, 86.441436681651567, 4.9407664125570392]
[54.85691959624365, 4.2479930235991858, 100.00005351065451]
[93.074434145886272, 14.352202361585046, 99.999998706377596]
[30.142134906033373, 43.551092593713875, 100.00000280617019]
[53.037988625364299, 32.491031101134951, 99.999997025297105]
[97.188563914889755, 29.682632355673004, 100.00003497256729]
[83.28411100212854, 39.485778142485159, 100.00001368759558]
[22.717967553455644, 41.990797782822881, 100.00004919770757]
[31.725571198602516, 34.819755211205781, 99.999999000983209]
[39.969350592367128, 37.455386867290557, 100.00002103307209]
[81.219297730380518, 67.660255215465881, 99.999979113751209]
[73.540307846332581, 57.761940385146886, 100.00008813213474]
[54.340435558202145, 47.177829745541644, 99.999989118713657]
[55.607227502169238, 90.951886440344794, 99.999955476011479]
[65.847512291970702, 98.141665720266246, 99.999969456963356]
[99.999980692589773, 78.433382979313421, 93.787144243925468]
[40.501719863229809, 48.414596626982856, 99.999975994231775]
[0.79495418197701007, 52.37888939041818, 100.00001440208919]
[97.662122942147107, 1.2935699556083087, 99.999988749804999]
[90.407279801556598, 39.197323436288826, 100.00001973631072]
[41.191652834996113, 13.683292770661136, 100.00002302424832]
[84.192958218909482, 74.283714747613374, 100.00003094019816]
[34.705862587442866, 86.694474373516599, 100.0000227489376]
[29.734412861218757, 96.357085090651665, 99.999945417261472]
[73.053047053368886, 37.213721751222138, 100.00000089694005]
[53.85506167054146, 17.870288947788687, 100.0000872398616]
[90.613896531600872, 44.91383566119535, 100.00003003669696]
[53.479805410846382, 2.7263628835160816, 100.00003506768482]
[51.913455529955499, 0.091287163893966294, 100.00005771959694]
[32.23632269498011, 99.999998035872963, 49.146806760890634]
[95.83166563171919, 100.00000032219067, 1.760521195156084]
[18.737787250082544, 100.00000011658889, 56.708590216284811]
[4.0285334096747611, 100.00000771386109, 61.915813286787227]
[23.941798261799338, 66.149891558875183, 100.00000630768074]
[56.47995393160349, 76.571557088404631, 99.999962504885659]
[100.00000185412209, 66.78241137701167, 25.734402746997343]
[83.534078744514062, 81.630752505577462, 100.00000408942451]
[75.608356535581251, 69.86852069570628, 99.999998941640484]
[45.960496148055334, 37.412643948746521, 100.00000547999424]
[8.3693186228880307, 46.823320540244282, 100.00001216090247]
[99.999993394811213, 65.930179886324581, 0.17735825696162522]
[26.478499456214571, 7.393135058803658, 99.999987688758679]
[99.999993180532513, 31.327710443115414, 92.241993862611679]
[34.408206787839539, 99.999997460861351, 55.209402789957984]
[82.377807621819102, 26.349076552671807, 100.00001705981455]
[99.999976646787786, 18.479123808977295, 1.924773632049595]
[18.689170529045878, 90.968226600057065, 100.00000570184213]
[32.216810572229562, 65.585658782840184, 100.00004711029703]
[77.708578201118442, 17.250930050986021, 100.00002862648329]
[66.917979183757964, 41.392702774012875, 100.00003107843625]
[63.209006111569984, 33.680826068131012, 100.00005333547071]
[7.6879006404438446, 99.999996302437779, 22.669567897052534]
[21.361112270747736, 66.863279739132167, 100.00003917707684]
[49.638023783432693, 15.305547072803751, 100.00005443450604]
[80.577109610190618, 100.00000239442338, 92.47653913886586]
[43.053966554565505, 38.975271010500428, 100.00000946927463]
[35.269156255971211, 73.228587042420315, 99.999984896026788]
[99.999993552343668, 20.712547635910454, 50.581322650209188]
[77.634976667484821, 28.026536923462047, 100.00006736210902]
[50.970880877230762, 41.115071230929601, 99.999987337749985]
[3.5017298981971159, 65.509383702419569, 99.999999324096848]
[100.00000282524194, 40.080708844142251, 68.151151508850049]
[79.949894527940472, 44.933487227694734, 100.00000297291044]
[49.931921655580972, 39.455857633246168, 100.00008189396814]
[9.6765435537559963, 26.456895477673754, 100.00005883407577]
[72.987264389092232, 23.448860429547544, 100.00004526576201]
[66.553191609740324, 57.408956913259715, 99.999993158878013]
[64.100474065531486, 56.029790955337575, 100.00000448124706]
[58.685097175492729, 72.795029763591401, 99.999998940170968]
[17.44143669136966, 86.166071847684663, 99.999969753643327]
[99.999998477953227, 86.305329086512899, 64.407407681494661]
[6.7188012395169352, 63.997118955114459, 100.00008615704807]
[10.882070462805126, 54.141710936588787, 100.00002495554736]
[61.622383632897566, 60.444876655506562, 100.00003719394847]
[55.295346136216288, 97.749632045505962, 100.00001649023693]
[47.761574623136219, 37.652874252699128, 100.00003318394445]
[82.913463922047072, 63.639121643830151, 100.00001728510826]
[62.307465553712362, 24.182786689695842, 100.00007439630527]
[27.804791122340248, 29.552915722677028, 100.00001931382232]
[16.539409429365389, 71.389858390259562, 99.9999983869549]
[61.750106732878599, 15.635991249701572, 100.00002522109469]
[35.110324998214878, 7.0876626257563373, 100.00003579849499]
[28.981384831915761, 31.998348875057616, 99.999988271825728]
[99.999994297705712, 7.4579208749398447, 29.866767971950683]
[99.999995442864986, 47.317759858012934, 92.302286746464617]
[99.999993421935585, 47.896437761382025, 11.66989015155349]
[92.606370330791094, 35.557340171024933, 100.00004814618659]
[15.075095060556784, 9.0001039469708957, 100.00005556677566]
[20.947644546322728, 43.163274147788897, 100.00003392089621]
[34.408481353070357, 44.71932030422473, 99.999950166010748]
[47.56289272391021, 23.549422057951752, 99.999977551208332]
[60.017269247532163, 8.405707129266716, 100.00006505572689]
[2.1469551125909092, 84.111395950387987, 100.00001746193126]
[91.295612375785865, 12.177084758246373, 100.00002523000032]
[8.3859184475446913, 71.529087715935333, 100.00004542811973]
[63.88688805103331, 12.604063028125459, 99.9999991248703]
[70.541160264413378, 74.479223418322832, 100.00002070496286]
[21.258442330896735, 7.8236813901750786, 100.00001679561838]
[9.1632541158094707, 19.591598494712201, 100.00003209887913]
[87.663277162893905, 27.122273644569809, 100.00000982890403]
[21.987380596490439, 51.44156324754077, 100.00000583818931]
[96.391487831501536, 38.556721624213075, 99.999975459696927]
[34.310214584592828, 66.108433396847829, 100.00001136408139]
[45.384868438487246, 0.96808697054269466, 100.00002098317427]
[17.588611702288059, 20.828564973111845, 100.00007182530264]
[38.590852653578175, 27.465964160803999, 100.00000155015724]
[53.841521661070736, 12.961622265794379, 99.999995569925531]
[28.533953969878837, 82.244828133723829, 100.00004404135295]
[64.747214650281705, 32.836519091517985, 100.00004701448727]
[53.691199528098224, 43.909972405286105, 100.00003299745345]
[48.212019047764919, 83.229903045872149, 99.999990435247639]
[99.179439686021922, 45.436054724483085, 100.00003703795423]
[87.804515338414703, 15.078986445308285, 100.00004392175843]
[86.157329836608241, 62.227706945278328, 100.00005063048314]
[50.853282376288561, 48.804148812123984, 100.00006738483646]
[45.076563543077796, 87.468058777829086, 99.999974709671704]
[35.737019791645551, 58.563648223093452, 100.000019439578]
[56.851860557834954, 59.964863698055638, 100.00005324795217]
[23.453787897421833, 76.042825467780105, 100.00004770213044]
[70.242699984786398, 43.940746158913178, 99.999980639975107]
[39.252589462661874, 61.3226391431227, 100.00007564309517]
[20.148242997619477, 18.974418928816924, 100.0000036762367]
[43.749251578702484, 64.211367999328075, 100.00003042236827]
[58.458259367061515, 5.8491533980300474, 100.00004169992381]
[99.999996531116437, 34.783226142909434, 2.2832246652064754]
[90.498746674582449, 76.011525736974576, 99.999964498063505]
[70.539283505298528, 11.998394717825168, 100.0000056691475]
[4.0096306005507127, 53.543624201862826, 100.00003771011316]
[40.450401285219506, 60.371733496153809, 100.0000101161843]
[92.007130437181061, 49.958181045692591, 100.00000915232636]
[96.12036860193308, 25.01540857833502, 100.00004890713849]
[26.300470924934054, 15.897381857630375, 100.00004621033021]
[99.999989049090487, 15.542575341218431, 3.179498555574904]
[20.983862275368082, 24.901970502822021, 100.0000090759615]
[1.6317547136089487, 45.095404554479586, 100.00004027669833]
[11.598228546322607, 19.863054387621133, 99.999967026458293]
[29.222227205346421, 14.592686678989697, 100.00003039779031]
[53.742740556758946, 34.533922674778651, 99.999995338987162]
[67.528801456898378, 100.00000345133525, 24.385547669656468]
[99.999989254970998, 27.945853148380255, 4.4758577760879898]
[38.705831327289125, 16.540804081505065, 100.00000335309164]
[32.171658197179042, 35.691211483884814, 100.0000262444636]
[38.608257690314105, 97.873149323955303, 100.00006547032393]
[27.119695087492609, 94.822912904205822, 100.00003708337726]
[70.471379980638261, 16.304564095600405, 100.00003022551103]
[47.769910859922881, 72.379167601847911, 100.00002803578531]
[25.445245539661499, 14.136402022828685, 100.00005431982692]
[81.089643189164377, 46.182334141723629, 99.999997836668584]
[21.114140006332786, 97.778150200490757, 100.00003604517408]
[77.563449157382578, 96.232251831571716, 99.999997259810584]
[70.609409151016095, 8.069303346479753, 100.00003793449788]
[3.2125805724510599, 34.125517104092651, 99.999950308019152]
[80.181963727808608, 33.072300072104767, 100.00003685095889]
[35.00645932839425, 57.91580471601614, 100.00000980579748]
[81.908380830309611, 99.999992587970922, 17.389530681794497]
[74.280927154215448, 57.432407896715105, 100.00004859388687]
[44.642047685481913, 78.345309708454536, 100.00000297293901]
[-0.069240493574225681, 42.690659935322458, 100.00004790502248]
[92.533883460271369, 99.999996119972963, 76.649036843208165]
[45.965050609711007, 94.685592923290017, 100.00001441568938]
[98.558504127643488, 81.238173269590206, 99.999966375471587]
[7.6260502655125819, 85.798986131304773, 100.00001506581168]
[75.966524321677483, 10.255472817809377, 100.00001203923004]
[48.122125964394783, 45.350635282893322, 100.00002379408237]
[99.99998307816557, 3.0382797472435037, 29.55053310793825]
[7.2157685869912864, 48.041045168313033, 100.00005201504342]
[12.938396980420968, 100.0000024396974, 19.988150704216359]
[99.999993095843365, 82.780916642642609, 91.648850850147355]
[65.365338181172731, 45.386374615797422, 100.00004730957951]
[67.544257428696312, 35.273426556142965, 99.999962489938611]
[16.812496462640667, 99.584476743697991, 100.00001703515461]
[99.999998346912065, 61.518558476007087, 92.162158080689181]
[53.5608901980371, 81.494286062768907, 99.999947453277215]
[67.161462446862529, 15.301039809130028, 100.00007825223135]
[6.7563635788814711, 36.303618331482632, 100.00007563400231]
[43.913148629466349, 55.554456939708245, 100.00001490581182]
[57.672608729546226, 59.65766115284886, 100.00004903373588]
[27.234003297365629, 17.255317800628855, 100.00002499123175]
[64.057237729973224, 34.876301550194086, 100.00006485738808]
[13.957870233837504, 29.473559875376047, 100.00007022731486]
[63.191893515174748, 11.995616714414624, 100.00004914197754]
[7.6874773077358576, 20.266534555077619, 100.0000479171852]
[22.910752718793766, 58.576023206766521, 99.999992526185792]
[100.00000301307037, 29.115392075984403, 91.449634173351612]
[42.296799706142899, 7.9541365257034258, 99.99997343789299]
[90.994187631688291, 14.239053154486228, 100.00002751519835]
[99.999989249534366, 9.630783077106539, 43.382056192907179]
[67.007975536010207, 99.999999200949475, 95.389485437936457]
[21.533956804966245, 59.243137118213298, 100.0000413547879]
[79.541410608397257, 71.506645854360571, 100.00003422966137]
[86.384290626364802, 78.536197702707312, 100.00001535136448]
[57.264396402058026, 20.594557067698478, 99.999985897291296]
[41.122355729889925, 40.819268522563021, 99.999993148275777]
[35.608413164355667, 13.73780557792054, 100.00000128975179]
[15.598238759840669, 100.00000450427733, 31.062448513912859]
[0.41238622726161722, 21.927007614429805, 100.0000092970306]
[63.247916515252918, 7.021963913118114, 100.00006542821474]
[100.00000379367027, 6.4011934217339821, 93.413597261424826]
[7.9498929642971454, 100.00000024266862, 69.01263414746937]
[99.514401797715351, 83.427175244564566, 100.00002474303284]
[19.114062526440609, 86.679851960365525, 99.99999386281182]
[17.958203449982314, 68.761196221395622, 100.00001224238697]
[17.70888317178532, 39.079722239389767, 100.00006441081844]
[69.998133119752964, 42.915793823478481, 100.00004995103566]
[55.480955680403326, 72.312397615974533, 100.00000084120686]
[23.847596362469837, 99.999996422088515, 10.473815434150531]
[55.414081092660709, 18.750818693211631, 100.00002660697194]
[50.552678751000798, 86.005210286776645, 99.999990641231875]
[8.7529364581670741, 36.016404073183352, 100.0000311109234]
[85.832111359489559, 82.317378757140531, 99.999956983166086]
[60.286680417736818, 51.148775164540794, 100.00005845134936]
[81.377503333911761, 100.00001485837254, 79.916984258115974]
[77.329985073053052, 75.004540405212026, 100.00001342114689]
[66.400149608527144, 53.168413576352847, 99.999997479813715]
[37.910273404334774, 81.687497225787297, 100.00005661474972]
[45.184950377077335, 42.586819094042283, 99.999996692742386]
[58.906447860660343, 35.050292577788966, 99.999978327620241]
[86.468615593578932, 31.462830892663217, 100.00005403751959]
[26.362408098607336, 69.044011141714577, 100.00002442124571]
[99.999995020228383, 72.772836603952285, 25.887632599754646]
[24.65896272908325, 47.530718011450233, 100.00008565589549]
[69.116771695165966, 9.0724180491776885, 100.00004676924266]
[99.999992591801984, 72.961981406014502, 61.944903730488022]
[36.017209124988177, 58.166455043954613, 99.999998660832617]
[99.999996413510559, 39.680530458782172, 58.536229242906288]
[9.3784806341787288, 56.256236258628448, 100.0000273731315]
[51.468535760086887, 100.19762470500311, 100.00002150415611]
[33.444147316645889, 52.322302729630465, 100.00003605117637]
[9.9259947756469185, 46.473975684446344, 99.99999796653411]
[79.500588085546482, 100.00000502786894, 21.371957537661103]
[26.159718165751656, 37.545023400263702, 99.99996809874358]
[37.508085922905721, 16.086946363136139, 100.00002788998641]
[100.00001017221729, 14.919230206401997, 47.716705200526832]
[43.832268076728383, 58.935628096222892, 99.999976734630948]
[47.588256334677268, 80.87764391870283, 100.00005176221303]
[2.7913915372879607, 63.740023030462382, 99.999986578904384]
[13.243455626000314, 59.75513508492385, 100.00000220188264]
[97.845709474181319, 99.999995880751328, 47.898120835728321]
[18.79860031462961, 68.260642125970548, 99.999995536776183]
[51.911904506217383, 8.8335045855821015, 100.00004999054084]
[99.99999784271391, 59.341133639155515, 10.002110275144521]
[64.654691378193064, 65.614879073786938, 99.99997873270317]
[52.354446984124792, 9.8828915913092921, 100.00008062615275]
[30.139352516838944, 50.508600155217856, 100.00000342513913]
[35.559248173795311, 31.593332891015116, 99.999954758699403]
[1.6457388858047945, 45.638596600092356, 99.999967877963982]
[72.139555876327108, 1.3341236867925126, 100.00006026803403]
[23.623629706770004, 35.954884177644374, 100.00001593460549]
[26.650224657041857, 50.389937649344098, 99.999972475450619]
[38.882869706150196, 56.795010281591345, 100.00001254464929]
[3.5350267632903929, 11.065638184233741, 100.0000401088008]
[57.82436695060818, 24.62120268639152, 99.999991784123807]
[69.451803539031999, 76.812350627342056, 99.999979995873616]
[15.516062399669236, 41.099966714785005, 100.00007017085078]
[77.189920799534207, 32.014183437079353, 100.000038724132]
[100.00000955745375, 53.06563693452614, 65.992972825938935]
[29.473643802559423, 51.630298721584623, 99.99999339824609]
[2.3149841871236951, 34.015239589197932, 100.00000429265485]
[10.601291939940117, 6.5329598511572815, 100.00003510502717]
[64.370038453692061, 99.999993250016274, 36.044727660970068]
[6.3796192290109364, 98.680697181150364, 100.0000358837833]
[37.733069839185369, 89.240964890105658, 100.00003540068658]
[62.439340212787954, 78.417636172887484, 100.00001702727131]
[28.114287690603547, 99.999999679767271, 17.494944557035929]
[100.00000720667055, 53.830330227265897, 20.467945466422343]
[39.579445605900716, 36.889959591509943, 100.0000344304797]
[0.72131784332326632, 34.164297768761038, 100.00004255738338]
[99.999982299028446, 98.983641699013432, 49.527639268418127]
[76.966570425345338, 44.019374886087135, 99.999968201939211]
[84.955573056832591, 97.683898209414195, 100.00002892112721]
[69.3689317129041, 15.127999459677252, 99.999959844825256]
[5.3956259307052044, 91.272573253679695, 100.00005911889623]
[99.999983652827993, 25.679306822296166, 73.107616803582971]
[73.459433125945509, 41.346629943406256, 99.999996040870727]
[70.896652790254635, 55.962493639808329, 100.00008080933124]
[18.495226171172433, 63.577068715734889, 99.99998601700409]
[97.078702391616304, 1.5277215974239802, 99.999977178765704]
[78.975215582599716, 7.0404104363506548, 99.999972822673158]
[80.159850227229811, 48.649922537664835, 100.00002921975823]
[36.702674097225199, 20.105379612098989, 100.00005319286694]
[53.739820050282844, 98.126361609455984, 100.00006519515883]
[99.999980636438309, 52.367301180368614, 24.394248024869903]
[50.867486200360162, 18.558651845169006, 100.00001812348421]
[35.781900022275735, 35.623067450484044, 100.0000531027618]
[70.911954729086645, 74.061830525282275, 100.00003844858348]
[82.306726198937241, 80.115954067259963, 100.00001485730573]
[45.741814265577425, 97.913282425137282, 100.00001004641483]
[26.35057820324003, 31.757172371861856, 100.00006792000451]
[56.449391141429707, 68.761614773180355, 99.999991686947411]
[21.829848410345758, 29.43026639417338, 100.00002034754554]
[11.705734906002023, 55.570801713345347, 99.999994453472198]
[9.0379254670870672, 26.544754690882748, 100.00001532978105]
[61.947152852935162, 99.999990790354602, 61.896419587604598]
[26.8582254355019, 68.403106099383933, 100.00002607525195]
[45.347508744766529, 97.312475236066547, 99.999959718735681]
[31.070546700817488, 63.190172966587134, 100.00002754360739]
[41.131073734859697, 87.636998179997164, 100.00000697896218]
[31.639177262811462, 23.862851253194698, 100.00005438924813]
[45.684182531253285, 52.27619452005213, 99.999995794760522]
[5.9807435638192565, 65.646351833357016, 100.00005487155099]
[11.521876449004127, 13.961599087642506, 100.00000987536325]
[66.545930533119943, 8.5085039343559217, 99.999985456367995]
[64.524812509359009, 31.294228461830933, 99.999999901765307]
[93.990100471237724, 6.5466971715252527, 100.0000189434985]
[100.00000343051357, 7.1518506815591909, 70.486943392103768]
[37.680538179795711, 100.00000280711959, 75.178323973536237]
[99.567659207288671, 24.914872189294556, 100.00005284621685]
[11.692553482678084, 100.00000865121611, 44.961972805653787]
[7.2437313526404541, 32.912211726551917, 100.00002755158779]
[97.005900638448963, 6.5779748637780777, 100.00004919357185]
[54.733275620764999, 8.0301270692801978, 100.00002004441447]
[49.888918054897431, 11.094230566785786, 100.00006488429723]
[59.715264490059738, 72.703165238773494, 100.00004831471769]
[99.999991352943198, 8.3177220331638999, 95.698202313797694]
[69.009484482989762, 43.844553618277274, 99.99998420094613]
[79.922199690913274, 28.724380310936766, 100.00002435519664]
[68.800721266222681, 47.572427261023435, 99.999960006731655]
[55.140959864079413, 19.345996861978183, 99.999978139341223]
[84.323156340471797, 77.83282681485548, 100.00000212561791]
[4.2493216077831804, 3.8945977840461428, 100.00005128745669]
[66.094364636915898, 98.45095720738901, 99.999966528565977]
[1.7872995096569877, 37.293807546797936, 100.00004110900223]
[56.082116237207181, 54.452822894689568, 100.00000095506776]
[64.141917362324051, 55.046467591797402, 100.00005803547056]
[60.362480410270592, 62.198195104860616, 100.00004358541264]
[37.562812629542734, 100.00000304555674, 44.151522351742393]
[27.032593716084133, 70.837166066284638, 100.00001797109873]
[99.999994462706269, 56.558781890625021, 47.817228733210726]
[50.271933423506169, 53.166389247127427, 100.00000957758613]
[100.00000204677805, 16.380951479024574, 9.9642487277978535]
[7.4155889127318773, 26.711209982737554, 100.00001094777492]
[59.305570334216419, 16.354007769673732, 100.00004174626648]
[63.59891721571779, 96.403053669596403, 100.00002639930022]
[43.187841733082649, 28.5749502837592, 100.00000727357101]
[60.341207528268562, 76.708994042467125, 100.00001431376637]
[63.120506815806408, 23.379696360295537, 100.00000392320759]
[99.999989153563746, 64.851511456687788, 80.281433784459921]
[38.787331920939017, 21.153098020417062, 100.00001562351018]
[76.333192253475261, 65.946949886738324, 99.999998818021851]
[52.599570645238153, 53.755006762558125, 99.999974995876059]
[96.608934141218981, 10.171759868816132, 100.00001878341241]
[66.472046255562844, 20.345569290642054, 100.00005419024956]
[67.73327647510601, 29.187947627313193, 99.99997358228724]
[76.674954842932507, 4.829609924638703, 100.00001987212501]
[23.904900142854572, 13.85170656895216, 100.00001335736364]
[31.914321412425807, 47.804202468341572, 100.00000812371333]
[32.326729009301587, 64.57135586485434, 100.0000470471834]
[41.290196835692257, 21.871814757766664, 100.00000921522097]
[39.775999660943697, 25.254770550249429, 100.00007891561219]
[99.999986521658428, 91.599688110080109, 70.736999612382377]
[52.850322975630675, 30.489155763675974, 99.999968746687543]
[32.955418175991269, 50.456937887392385, 100.00000506520763]
[75.387524547345592, 38.014907932507825, 100.00002664591702]
[60.05459008730142, 100.00000197876759, 8.8597098382308737]
[9.8305519611758925, 39.146495095618853, 100.0000260165849]
[1.2543234684043192, 21.840351956555068, 99.99999047650293]
[82.931801186584295, 90.046422584163551, 100.00000355632237]
[37.55220087454768, 22.377053491550047, 100.00003206027408]
[8.0738899130449191, 91.79143952024377, 99.999991967151956]
[87.682009544750713, 70.758253729879911, 99.999995458397564]
[53.623655085096495, 52.817431706977906, 100.0000279738133]
[49.299397304196994, 0.30385928815391239, 100.00003374209328]
[65.904979026154834, 60.3200239151099, 99.999972324387898]
[16.737874051089264, 22.358191725261523, 100.00001496913156]
[65.137757142645668, 100.00001149680048, 14.108201046605526]
[60.382189542161569, 48.851978996087368, 100.0000039925046]
[15.454755548373427, 57.60879721872989, 100.00005591215655]
[61.528363014964931, 55.286476255546631, 100.00001991049632]
[75.578016063089294, 17.280458441222525, 99.999993648466472]
[69.725888773340927, 82.651028125381529, 100.00004039857498]
[13.77878356564208, 80.666606433790321, 100.00001563988498]
[58.546294327755099, 33.4515670942965, 100.00001726377293]
[86.680770717322801, 70.562484523021965, 100.00003098202912]
[52.942485364133361, 92.851217646894867, 99.999972126339742]
[87.345721631035332, 78.971940567821136, 100.00001673773949]
[36.668850080982146, 58.043529315355009, 100.0000031874677]
[25.326226342236215, 78.613475106476841, 100.00006445877921]
[6.4017106436638596, 14.13063627715151, 100.00004827239368]
[95.055726782217789, 43.820610007470371, 99.999997342036721]
[27.821725225954602, 77.0229988774974, 100.00002954042209]
[20.220938951380226, 76.720746430565768, 100.00000364631651]
[73.91388275896098, 7.6666432854298563, 100.00005660726131]
[45.467969532098493, 58.291663202489858, 99.999956935225939]
[73.012294915336597, 5.0955398250807811, 100.00001748644718]
[29.575996129195598, 17.869836817252111, 99.999977092385308]
[6.8486969974100393, 17.457736236370067, 100.00004407943234]
[33.557335123840836, 100.00000914810063, 76.795001402833606]
[35.238491743444918, 20.036824367988189, 100.00002206593685]
[71.747597064406904, 20.8586481750229, 99.999989526790131]
[16.667232562444369, 19.874489757760216, 100.00001152634881]
[21.031962840939642, 82.324263758294109, 100.00006274436352]
[62.135733541219665, 96.122936651706738, 100.0000504801104]
[6.2414704000110035, 91.469868906512517, 100.00006583142233]
[10.993730141090433, 81.152734361141327, 100.00004399375439]
[61.094520943228581, 65.556527222913559, 100.00002580694387]
[8.3916363477096176, 22.358162645286065, 100.00001373617326]
[51.627341856049057, 49.145585183325267, 100.00001522769502]
[99.377363545296618, 51.173379090031531, 100.00003105132254]
[33.517121000671352, 72.813072739465525, 100.00006789415866]
[99.999988150898588, 6.3458615082158119, 16.120838089457287]
[99.999999810551515, 56.307392462568188, 44.628681667615176]
[4.8760434710826903, 53.933821141784634, 100.00004020485879]
[6.8496507892851142, 42.939620788072631, 100.00004279454146]
[23.193095769849005, 42.392411688432105, 100.00003493819344]
[99.347972100747455, 78.199284508231415, 100.00000557206083]
[82.340194084308564, 21.70636000854952, 99.999997931164685]
[89.383512698303946, 99.72463128301726, 99.999996304568185]
[74.209700375130808, 75.800834134730678, 100.00002394324423]
[2.975825448445935, 34.375365428879391, 100.00001414947407]
[100.00000619287104, 42.672707399874504, 45.385008807012596]
[73.017458046869933, 46.001459955721778, 99.999989421870907]
[9.0393079868232462, 79.975319958022737, 100.00003468701718]
[97.734590643814997, 2.6589827649646267, 100.00001988209551]
[85.635917675540185, 81.030680255032124, 100.00005856406099]
[9.1044993999717256, 55.264365922993925, 100.00000343911704]
[30.204830282100325, 44.586511646446198, 100.00004398557292]
[37.889449665474771, 30.027074911388901, 100.00006230346494]
[24.689163935059092, 67.099031398317848, 99.999986695241404]
[30.615061446171822, 75.406051326132911, 100.00003603335456]
[47.621193638782756, 59.995561301033106, 100.00000959368833]
[13.490240134664459, 87.938743007502737, 99.999983524824287]
[31.801853756123265, 99.999992898113447, 41.985155206964556]
[42.938017725474353, 28.690115241120736, 99.999982883032487]
[12.958908493953718, 81.371942432017931, 100.00002788308163]
[90.101885396385924, 96.474023266303732, 100.00006244096863]
[99.999984706060346, 84.820356000770033, 41.466848945158119]
[8.8009526223248891, 0.39421507319664428, 100.00000506995666]
[21.888119277021538, 69.612980401538749, 100.00007800288323]
[99.999998755925262, 99.830221966876238, 44.839485210218584]
[83.860233333653667, 100.00000261650328, 80.528687305015694]
[14.680519590404465, 24.352533803448495, 100.00003491080479]
[30.387462111362602, 38.760103748359157, 100.00000493786898]
[47.373980808211208, 37.588612225848564, 100.00003671869958]
[73.588066597134656, 33.401277224775185, 100.00003684166276]
[53.832398384511237, 7.383874189866269, 100.00002203626613]
[82.548869381366458, 72.4713560487412, 100.00008908257824]
[87.698246266134021, 3.3850067926259051, 100.00002409488265]
[32.105950926498636, 56.441743359423107, 100.00001205900635]
[99.999981688626605, 35.705454357506952, 98.701124953033627]
[72.610245458643774, 57.342486564883117, 100.00009037284039]
[8.593916566883955, 82.196286099454213, 100.00004280680163]
[34.48372956293818, 62.408243312200675, 100.00004697380011]
[99.999987738893566, 89.613070961551074, 72.07112761807727]
[67.441502032397551, 58.428866098673431, 100.00002192640243]
[80.894875333320442, 67.652318400200471, 99.99999595531024]
[38.371437189443029, 37.284545258784952, 100.00006720992029]
[21.163415517113787, 30.529213621064223, 100.00004381955137]
[1.2305329995047956, 62.462604814744502, 100.00000602783356]
[99.999994822295562, 83.365704739658511, 49.852153268788499]
[35.22515715666993, 27.05702434760655, 100.0000044686238]
[71.16389054552414, 3.8016728286949082, 100.00003945853027]
[93.141291076021631, 10.396359614310338, 100.0000097919814]
[28.476838910153596, 75.593313806291889, 99.999983787993585]
[92.173694169301399, 47.955584015785206, 100.00003074399388]
[47.727116571993953, 70.524481702305195, 99.999980929677861]
[28.29522591273183, 33.641554985485548, 99.999997241028439]
[31.1536981709042, 71.869707063849944, 100.00005536777186]
[26.116581309439809, 85.371476562027397, 100.00004222789421]
[66.399591614412429, 34.158219834430689, 100.00002173863099]
[31.364619420690541, 69.697742325160235, 100.00003654786425]
[100.00000623231541, 99.562107992893189, 19.251787408585148]
[22.989712024442312, 57.870149776983709, 99.999995581848097]
[15.44270130611479, 70.883406828445672, 100.00001802674376]
[2.2757519602883622, 59.901127499741406, 99.999949369359953]
[73.495878110620197, 15.116339249771897, 99.999983374430769]
[39.635786110880538, 94.803502985034385, 100.00005410680915]
[1.2157007647616762, 53.81166049806383, 100.00007130294998]
[80.388994184956303, 34.077566547133856, 100.00002425666443]
[16.446209311720338, 24.084546411393575, 100.00004196012773]
[26.850884945590529, 54.596123359185228, 100.00002477351426]
[52.120738466337862, 40.230010936832436, 100.00005151905242]
[76.947091239237722, 50.021715938285524, 100.00001583876096]
[44.134011203956319, 23.32158777012636, 100.00003170116996]
[48.809485504328343, 11.297991983028037, 99.999998983286503]
[1.7082117401039412, 55.908426001464044, 99.999967992914236]
[83.769427290830222, 71.368205504168202, 99.999992282553194]
[61.487435997633717, 73.612858244101602, 100.00000930355802]
[23.971031928968742, 1.5715891986554453, 100.00003347466858]
[27.443102369011218, 17.669847672271139, 100.00001629666556]
[31.99866698692184, 98.511943330022035, 99.999982466246223]
[93.085145311823453, 14.232571451838435, 100.00003219396666]
[13.026655408278463, 22.345900329231824, 100.00002193117349]
[6.7465573872030244, 86.788991835022557, 100.00005342292778]
[18.205982967756604, 65.417424574828658, 99.999960480431696]
[3.1315910946448042, 59.40964665515709, 100.00000535428157]
[98.55568252384262, 33.619757277902963, 99.999990814817124]
[100.0000036994402, 4.8406332887643782, 24.530628107733293]
[100.00000130618895, 59.491060219396019, 37.414045542221629]
[81.969987230395148, 9.964932594407486, 100.00002010536107]
[44.732961130765965, 82.988086623047622, 100.00005709823741]
[99.999995139655894, 78.807083271030962, 87.745812069259017]
[99.99997967853696, 74.115036538727878, 86.841295880593961]
[34.751633911054753, 28.288342042366086, 100.00003247774384]
[10.718236763323777, 25.435075522721434, 100.00000625259337]
[64.331370635964547, 90.147485476839535, 99.999998174791699]
[54.041067685554324, 30.732929416879461, 99.999979118869774]
[93.864505396859727, 21.379312065751019, 100.00005365425864]
[40.923987907495494, 36.552143079682878, 100.00002069728727]
[13.300412260347787, 51.583829982439511, 100.00001116262729]
[13.39764112992578, 97.527243914778921, 100.0000046868075]
[40.91817887755974, 73.058619611585783, 100.00003668107647]
[36.126157713086165, 78.769304168194452, 100.00002738169908]
[32.856045088335613, 99.999996296386399, 6.5685497176665208]
[21.015774423483698, 87.879145117230337, 99.999965905103096]
[60.057434226477781, 55.176878011826091, 99.999957257271603]
[14.414417230384617, 99.999998538412783, 1.0935147107616174]
[41.466023328524066, 33.771425345712267, 99.999975570789786]
[51.883717044570297, 68.32084306473061, 99.999944592169854]
[16.214546598960588, 40.494550790633944, 100.00002211656221]
[81.906288519050491, 46.742339276252466, 100.00002422184312]
[67.853934141467448, 1.1783092246158553, 100.00001680084011]
[100.0000052715142, 17.920386798087033, 62.083721544323666]
[76.159271536853808, 93.158328026651262, 99.999982267756266]
[9.1288043686233493, 17.934136005876418, 100.00005624610195]
[12.888477618693852, 67.687101727768564, 100.00004213304805]
[55.913087636156739, 34.235264025784879, 100.00003711304524]
[14.923668753326789, 46.544940807324274, 99.999990492910342]
[40.938967023292605, 16.312437815892942, 100.0000010437976]
[9.2303383391311868, 92.388524068193476, 100.00000644039818]
[19.071543819878215, 86.674002389215985, 100.00006848441039]
[20.790724181574369, 42.794115309105031, 100.00006744922395]
[10.955287782856015, 84.449842753566088, 100.00006497726008]
[44.094874842622801, 20.604077656088158, 100.00000948206173]
[43.277951696630012, 100.00000081089621, 75.414643796718593]
[99.999987952731288, 3.2542434131469378, 61.230067626132346]
[82.858059486463787, 11.177377817626581, 100.0000534906611]
[21.941028115652252, 58.672247634656159, 100.00005943005223]
[48.140226776212273, 94.205360847415761, 100.00000398805513]
[80.131300065232693, 86.318572188892091, 100.00000947183202]
[62.396655663706611, 20.221242801447531, 100.00003198986801]
[19.300956152616386, 86.358725497169615, 99.999977445883047]
[24.902591970310716, 39.413122571727811, 100.00003620238434]
[91.716059666092548, 100.00000193303723, 16.970838836355185]
[51.679178338383593, 26.665791244236996, 100.0000476328081]
[33.943586112190033, 19.531519452228938, 100.0000695368615]
[13.432375404413181, 90.896048283890195, 99.999979237712552]
[76.709690953338779, 72.151390402758039, 100.00002999788347]
[70.071415290887671, 27.927070022452991, 100.00001762997287]
[40.040117090942374, 30.802314417995362, 100.00003977716955]
[17.548087470313142, 34.85322162420195, 100.0000000319661]
[94.654161167969761, 47.80772502903919, 99.999965174645595]
[57.999037092845434, 88.726752514376656, 100.00007698989766]
[81.762615220937946, 27.555054978186078, 100.00000272229137]
[32.704176992582781, 29.320254430828633, 99.99999608442549]
[99.999997720757221, 84.577790104437767, 92.137533867707276]
[64.906968705075386, 58.975653816603781, 99.999990468026624]
[2.2353654095033377, 15.113032878690793, 99.999997950077926]
[34.833523518839804, 76.052113478475121, 100.00002926877467]
[98.403800525397671, 88.608059984122164, 99.999968485191587]
[49.478417632700655, 42.63441914371991, 100.00003941049117]
[70.198056160696254, 81.019493104669806, 100.00006113911189]
[59.762529410778392, 87.434198444285002, 100.00002166532506]
[41.045026987422617, 79.410836408691736, 100.00006157848932]
[100.00000562898209, 15.418302596958412, 36.88741051070987]
[100.00000835509547, 90.258937093069349, 80.174775527590796]
[42.538655296603658, 58.010258595786141, 100.00001095417109]
[78.990861036072772, 40.645594376507951, 100.00004881704677]
[90.149105221534285, 21.880350582961466, 100.00004555931727]
[26.219816619140424, 7.5211250634761289, 100.00002527765544]
[47.763863942865058, 49.07088846262085, 100.00003278028862]
[75.419920675255057, 91.464599822393964, 100.00000688102506]
[14.54890031206757, 3.7657784471521207, 100.00004149307949]
[78.094103213025221, 28.404329108820942, 99.999997508196245]
[99.999994301156889, 19.106133246573997, 23.890262079762739]
[26.011270518522373, 25.676534551197804, 100.00001791179453]
[82.460692786655855, 30.60952365836452, 100.0000253793259]
[8.4558731291425229, 19.0489035043062, 100.00001326085589]
[86.348438533429004, 88.034575553617515, 99.999996417279064]
[99.999994227703496, 81.374751834739726, 67.058680468575332]
[99.99999682248496, 89.94488458135784, 44.107623765192244]
[18.041062075830453, 25.908579427504318, 100.00003164500852]
[36.981556309757728, 23.271087741153053, 100.00006829888206]
[3.0286968956024349, 80.078420689826203, 99.999993190998396]
[63.0555017390015, 52.555615577083003, 100.00003112201341]
[36.164043821926448, 60.880029942552483, 100.00008669080798]
[99.99999422679663, 19.946203749847413, 15.363824660634219]
[10.194503648963215, 47.425831929778127, 99.999977868366599]
[100.00000901002309, 33.700824317051968, 42.784769657631387]
[19.383200156913148, 66.809756849442465, 100.0000421925258]
[6.5773569105932328, 41.669891339205329, 100.00002790005956]
[45.938105320902821, 15.15634805706706, 99.999983865952558]
[15.341485986867005, 99.999998486295965, 46.384829830294976]
[36.587663179167144, 100.00000543549353, 56.411384558127679]
[81.391977291510784, 63.14589275997092, 99.99997509790451]
[64.870822320915792, 18.373481909165196, 99.99999499391879]
[56.353386927980353, 20.405591533161292, 100.00000011326689]
[29.531583483543578, 31.155763164051002, 99.999989191299491]
[99.999994201953257, 38.151151246646108, 26.454553732746515]
[99.999989497463616, 18.802129497368497, 34.810535119916509]
[45.000376238780547, 71.999103502364932, 100.00000494829752]
[55.080684875975393, 30.102660633851379, 99.999996722222917]
[24.441283903400471, 78.045654214619802, 100.00000297213474]
[63.04992718816581, 32.721790467051711, 99.999986847967591]
[59.885471366672029, 61.521165631199523, 100.00000757722839]
[99.999988672473762, 61.300908066206524, 80.375872962677434]
[43.377467575512554, 7.941307727908665, 100.00001436833116]
[99.999995719358822, 21.532685219494176, 38.160791303925429]
[43.468694912234554, 59.947761814178904, 99.999963179455378]
[18.306372401670338, 30.957924518919786, 100.00005846275485]
[36.252826889372656, 10.781288467209091, 100.00005604898931]
[6.3631157492159911, 51.241165398837033, 99.999987131166733]
[42.660104938448661, 33.917429717156111, 100.0000410144001]
[24.927063017195948, 28.089409123935123, 100.00006051856923]
[75.787599300941991, 26.962473723670279, 99.999956050218387]
[98.412093021151406, 59.403473680630896, 99.999954532318938]
[65.209429853512233, 77.296907279086923, 100.00000069712533]
[64.573491424182961, 51.404757409036044, 100.00001641396449]
[88.81428491041828, 40.07356833993353, 99.999982744784802]
[45.82973870417856, 61.745558920951602, 100.00000998729708]
[83.573844404924429, 28.537667361680644, 100.00001609687702]
[69.221550257972254, 75.54510422389356, 100.00001982937704]
[21.858261285668789, 100.00000839390928, 30.694986016723124]
[1.9844553579972999, 38.916993624768793, 100.00001509727991]
[55.659774829317357, 94.663692049599817, 100.00005581566018]
[65.801777084982803, 71.793182290995247, 99.999980528260124]
[34.465805866457863, 11.462174389704181, 99.999999700484821]
[18.914233945696086, 55.854561574615516, 100.00001134852059]
[0.10435092282796354, 46.675292551313753, 100.00005177242078]
[53.260082087888364, 100.00000784396825, 20.252834017007938]
[13.667557974740534, 80.703518595687072, 100.00001037886544]
[94.921392442581677, 85.434667525656081, 100.00004752476249]
[36.494445424476574, 41.805890855066195, 100.00000205103886]
[1.6495301192971894, 56.296541030287372, 100.00002898016119]
[28.765491574063191, 64.712480833066365, 100.00003421971023]
[84.759446182905847, 99.999999013418687, 66.072953951001864]
[21.951341722234581, 57.182267708793724, 100.0000000725383]
[10.994838858597285, 96.034568045848459, 100.00000556875455]
[5.704954780685533, 31.19281160086074, 100.00001095307162]
[11.376254220615834, 65.074828067329264, 100.00004376204664]
[54.103129361369831, 55.258788515941376, 100.00002559007396]
